5885.00000000    0.00000667    0.00013000    -0.00008000    -0.00003000
5885.12553109    0.00000667    0.00000000    0.00005000    -0.00003000
5885.25106219    0.00002667    0.00008000    -0.00003000    0.00003000
5885.37659328    -0.00000667    -0.00008000    0.00003000    0.00003000
5885.50212437    0.00005333    0.00013000    -0.00005000    0.00008000
5885.62765547    0.00002667    0.00000000    0.00005000    0.00003000
5885.75318656    -0.00003667    -0.00008000    0.00005000    -0.00008000
5885.87871765    0.00005000    0.00013000    -0.00003000    0.00005000
5886.00424874    0.00001667    -0.00003000    0.00013000    -0.00005000
5886.12977984    0.00002667    0.00013000    -0.00008000    0.00003000
5886.25724218    -0.00001000    -0.00008000    0.00008000    -0.00003000
5886.38277327    0.00006000    0.00015000    -0.00005000    0.00008000
5886.50830436    0.00002333    -0.00003000    0.00015000    -0.00005000
5886.63383546    0.00008667    0.00013000    0.00000000    0.00013000
5886.75936655    0.00008667    0.00018000    0.00000000    0.00008000
5886.88489764    0.00008333    0.00015000    -0.00005000    0.00015000
5887.01042874    0.00009333    0.00005000    0.00008000    0.00015000
5887.13595983    0.00007667    0.00005000    0.00005000    0.00013000
5887.26149092    0.00011000    0.00005000    0.00013000    0.00015000
5887.38702202    0.00013000    0.00013000    0.00008000    0.00018000
5887.51255311    0.00015333    0.00013000    0.00013000    0.00020000
5887.63808420    0.00015333    0.00013000    0.00008000    0.00025000
5887.76361530    0.00021667    0.00020000    0.00015000    0.00030000
5887.88914639    0.00028000    0.00028000    0.00018000    0.00038000
5888.01467748    0.00036333    0.00038000    0.00028000    0.00043000
5888.14020857    0.00041000    0.00045000    0.00028000    0.00050000
5888.26573967    0.00052000    0.00055000    0.00043000    0.00058000
5888.39127076    0.00066667    0.00075000    0.00055000    0.00070000
5888.51680185    0.00082000    0.00088000    0.00078000    0.00080000
5888.64233295    0.00095333    0.00103000    0.00090000    0.00093000
5888.76979529    0.00115000    0.00125000    0.00105000    0.00115000
5888.89532638    0.00138667    0.00143000    0.00133000    0.00140000
5889.02085747    0.00155333    0.00163000    0.00145000    0.00158000
5889.14638857    0.00178000    0.00183000    0.00168000    0.00183000
5889.27191966    0.00209667    0.00218000    0.00203000    0.00208000
5889.39745075    0.00236000    0.00240000    0.00238000    0.00230000
5889.52298185    0.00258333    0.00265000    0.00255000    0.00255000
5889.64851294    0.00295000    0.00295000    0.00300000    0.00290000
5889.77404403    0.00316000    0.00315000    0.00325000    0.00308000
5889.89957513    0.00344667    0.00343000    0.00353000    0.00338000
5890.02510622    0.00362667    0.00363000    0.00370000    0.00355000
5890.15063731    0.00407667    0.00405000    0.00418000    0.00400000
5890.27616840    0.00429333    0.00425000    0.00438000    0.00425000
5890.40169950    0.00466000    0.00458000    0.00475000    0.00465000
5890.52723059    0.00499333    0.00490000    0.00503000    0.00505000
5890.65276168    0.00517667    0.00518000    0.00515000    0.00520000
5890.77829278    0.00551000    0.00550000    0.00545000    0.00558000
5890.90382387    0.00576333    0.00583000    0.00568000    0.00578000
5891.02935496    0.00581000    0.00590000    0.00570000    0.00583000
5891.15488606    0.00599333    0.00613000    0.00590000    0.00595000
5891.28234840    0.00610000    0.00625000    0.00600000    0.00605000
5891.40787949    0.00606667    0.00620000    0.00595000    0.00605000
5891.53341058    0.00614333    0.00625000    0.00605000    0.00613000
5891.65894168    0.00625000    0.00630000    0.00625000    0.00620000
5891.78447277    0.00622667    0.00630000    0.00633000    0.00605000
5891.91000386    0.00623667    0.00625000    0.00638000    0.00608000
5892.03553496    0.00618333    0.00620000    0.00630000    0.00605000
5892.16106605    0.00618667    0.00620000    0.00628000    0.00608000
5892.28659714    0.00604333    0.00605000    0.00618000    0.00590000
5892.41212823    0.00606000    0.00600000    0.00618000    0.00600000
5892.53765933    0.00594333    0.00595000    0.00605000    0.00583000
5892.66319042    0.00581667    0.00580000    0.00590000    0.00575000
5892.78872151    0.00568667    0.00568000    0.00580000    0.00558000
5892.91425261    0.00560333    0.00558000    0.00570000    0.00553000
5893.03978370    0.00551000    0.00543000    0.00555000    0.00555000
5893.16531479    0.00533667    0.00533000    0.00538000    0.00530000
5893.29084589    0.00514333    0.00505000    0.00520000    0.00518000
5893.41637698    0.00502000    0.00493000    0.00505000    0.00508000
5893.54190807    0.00491333    0.00488000    0.00493000    0.00493000
5893.66743917    0.00474333    0.00470000    0.00475000    0.00478000
5893.79490151    0.00452000    0.00458000    0.00445000    0.00453000
5893.92043260    0.00436000    0.00450000    0.00425000    0.00433000
5894.04596369    0.00421000    0.00430000    0.00408000    0.00425000
5894.17149479    0.00393333    0.00405000    0.00380000    0.00395000
5894.29702588    0.00379333    0.00388000    0.00370000    0.00380000
5894.42255697    0.00361000    0.00370000    0.00350000    0.00363000
5894.54808806    0.00341000    0.00350000    0.00330000    0.00343000
5894.67361916    0.00323667    0.00333000    0.00313000    0.00325000
5894.79915025    0.00306000    0.00318000    0.00295000    0.00305000
5894.92468134    0.00288333    0.00295000    0.00280000    0.00290000
5895.05021244    0.00273000    0.00278000    0.00263000    0.00278000
5895.17574353    0.00262667    0.00265000    0.00255000    0.00268000
5895.30127462    0.00250000    0.00255000    0.00240000    0.00255000
5895.42680572    0.00236000    0.00240000    0.00225000    0.00243000
5895.55233681    0.00228333    0.00240000    0.00215000    0.00230000
5895.67786790    0.00220333    0.00228000    0.00208000    0.00225000
5895.80339900    0.00212667    0.00220000    0.00205000    0.00213000
5895.92893009    0.00206000    0.00213000    0.00200000    0.00205000
5896.05446118    0.00201000    0.00213000    0.00190000    0.00200000
5896.17999228    0.00200333    0.00205000    0.00193000    0.00203000
5896.30745462    0.00199333    0.00205000    0.00188000    0.00205000
5896.43298571    0.00198000    0.00203000    0.00188000    0.00203000
5896.55851680    0.00196000    0.00195000    0.00188000    0.00205000
5896.68404789    0.00200333    0.00203000    0.00193000    0.00205000
5896.80957899    0.00203667    0.00205000    0.00193000    0.00213000
5896.93511008    0.00201000    0.00195000    0.00195000    0.00213000
5897.06064117    0.00209333    0.00208000    0.00205000    0.00215000
5897.18617227    0.00213000    0.00218000    0.00203000    0.00218000
5897.31170336    0.00217667    0.00220000    0.00213000    0.00220000
5897.43723445    0.00220333    0.00218000    0.00215000    0.00228000
5897.56276555    0.00226000    0.00230000    0.00218000    0.00230000
5897.68829664    0.00231000    0.00230000    0.00225000    0.00238000
5897.81382773    0.00235333    0.00243000    0.00225000    0.00238000
5897.93935883    0.00232000    0.00243000    0.00220000    0.00233000
5898.06488992    0.00238000    0.00243000    0.00233000    0.00238000
5898.19042101    0.00243333    0.00250000    0.00240000    0.00240000
5898.31595211    0.00241000    0.00245000    0.00240000    0.00238000
5898.44148320    0.00238000    0.00243000    0.00228000    0.00243000
5898.56701429    0.00243667    0.00250000    0.00238000    0.00243000
5898.69254538    0.00243000    0.00253000    0.00233000    0.00243000
5898.82000772    0.00241000    0.00250000    0.00230000    0.00243000
5898.94553882    0.00237000    0.00243000    0.00230000    0.00238000
5899.07106991    0.00232000    0.00238000    0.00225000    0.00233000
5899.19660100    0.00232000    0.00238000    0.00225000    0.00233000
5899.32213210    0.00226000    0.00230000    0.00220000    0.00228000
5899.44766319    0.00222667    0.00230000    0.00213000    0.00225000
5899.57319428    0.00214333    0.00220000    0.00208000    0.00215000
5899.69872538    0.00208667    0.00218000    0.00200000    0.00208000
5899.82425647    0.00202000    0.00208000    0.00193000    0.00205000
5899.94978756    0.00199667    0.00208000    0.00188000    0.00203000
5900.07531866    0.00191000    0.00190000    0.00188000    0.00195000
5900.20084975    0.00181000    0.00180000    0.00175000    0.00188000
5900.32638084    0.00168333    0.00170000    0.00165000    0.00170000
5900.45191194    0.00161667    0.00155000    0.00165000    0.00165000
5900.57744303    0.00147000    0.00143000    0.00155000    0.00143000
5900.70297412    0.00133667    0.00125000    0.00143000    0.00133000
5900.82850521    0.00125333    0.00118000    0.00138000    0.00120000
5900.95403631    0.00115333    0.00113000    0.00125000    0.00108000
5901.07956740    0.00107667    0.00100000    0.00120000    0.00103000
5901.20509849    0.00097000    0.00093000    0.00108000    0.00090000
5901.33256083    0.00089333    0.00088000    0.00100000    0.00080000
5901.45809193    0.00083000    0.00088000    0.00083000    0.00078000
5901.58362302    0.00076000    0.00080000    0.00068000    0.00080000
5901.70915411    0.00067667    0.00075000    0.00058000    0.00070000
5901.83468521    0.00057667    0.00068000    0.00050000    0.00055000
5901.96021630    0.00057000    0.00063000    0.00045000    0.00063000
5902.08574739    0.00050333    0.00058000    0.00038000    0.00055000
5902.21127849    0.00047000    0.00050000    0.00038000    0.00053000
5902.33680958    0.00042000    0.00038000    0.00038000    0.00050000
5902.46234067    0.00033000    0.00033000    0.00038000    0.00028000
5902.58787177    0.00027667    0.00025000    0.00038000    0.00020000
5902.71340286    0.00022667    0.00018000    0.00030000    0.00020000
5902.83893395    0.00021667    0.00015000    0.00030000    0.00020000
5902.96446504    0.00017000    0.00013000    0.00030000    0.00008000
5903.08999614    0.00015333    0.00013000    0.00025000    0.00008000
5903.21552723    0.00013667    0.00008000    0.00025000    0.00008000
5903.34105832    0.00012000    0.00015000    0.00018000    0.00003000
5903.46658942    0.00011333    0.00013000    0.00018000    0.00003000
5903.59212051    0.00008333    0.00015000    0.00005000    0.00005000
5903.71765160    0.00008667    0.00013000    0.00000000    0.00013000
5903.84511394    0.00009333    0.00018000    -0.00003000    0.00013000
5903.97064504    -0.00002000    0.00000000    -0.00003000    -0.00003000
5904.09617613    0.00007000    0.00013000    -0.00005000    0.00013000
5904.22170722    0.00006333    0.00003000    0.00003000    0.00013000
5904.34723832    -0.00001667    -0.00005000    0.00008000    -0.00008000
5904.47276941    0.00001667    0.00008000    -0.00008000    0.00005000
5904.59830050    -0.00004333    0.00000000    -0.00005000    -0.00008000
5904.72383160    0.00003667    0.00008000    -0.00005000    0.00008000
5904.84936269    -0.00004333    0.00005000    -0.00013000    -0.00005000
5904.97489378    -0.00001667    0.00000000    0.00003000    -0.00008000
5905.10042487    -0.00001000    0.00008000    -0.00008000    -0.00003000
5905.22595597    -0.00001000    -0.00003000    -0.00008000    0.00008000
5905.35148706    -0.00000000    -0.00005000    0.00013000    -0.00008000
5905.47701815    0.00002667    0.00008000    -0.00008000    0.00008000
5905.60254925    -0.00003667    0.00005000    -0.00008000    -0.00008000
5905.72808034    0.00000667    0.00005000    0.00000000    -0.00003000
5905.85361143    -0.00001667    0.00003000    -0.00008000    0.00000000
5905.97914253    -0.00003667    -0.00008000    0.00005000    -0.00008000
5906.10467362    -0.00000667    0.00008000    -0.00013000    0.00003000
5906.23020471    -0.00006000    -0.00008000    0.00003000    -0.00013000
5906.35766705    -0.00004000    0.00008000    -0.00015000    -0.00005000
5906.48319815    -0.00002667    0.00000000    0.00000000    -0.00008000
5906.60872924    -0.00004333    0.00003000    -0.00013000    -0.00003000
5906.73426033    -0.00005333    -0.00003000    -0.00013000    0.00000000
5906.85979143    -0.00005333    -0.00008000    0.00005000    -0.00013000
5906.98532252    -0.00000667    0.00008000    -0.00005000    -0.00005000
5907.11085361    0.00002000    0.00003000    -0.00005000    0.00008000
5907.23638470    -0.00002667    -0.00003000    0.00008000    -0.00013000
5907.36191580    0.00001667    0.00008000    -0.00008000    0.00005000
5907.48744689    -0.00005333    -0.00013000    0.00005000    -0.00008000
5907.61297798    0.00002667    0.00013000    -0.00008000    0.00003000
5907.73850908    -0.00005333    -0.00008000    0.00005000    -0.00013000
5907.86404017    0.00002667    0.00013000    -0.00013000    0.00008000
5907.98957126    -0.00006000    -0.00008000    0.00005000    -0.00015000
5908.11510236    0.00001000    0.00008000    -0.00008000    0.00003000
5908.24063345    -0.00005333    -0.00013000    0.00005000    -0.00008000
5908.36616454    0.00000667    0.00005000    -0.00008000    0.00005000
5908.49169564    -0.00005000    -0.00008000    0.00008000    -0.00015000
5908.61722673    0.00000000    0.00008000    -0.00013000    0.00005000
5908.74275782    -0.00001000    0.00005000    -0.00008000    0.00000000
5908.87022016    -0.00004333    -0.00008000    0.00008000    -0.00013000
5908.99575126    -0.00001000    0.00005000    0.00000000    -0.00008000
5909.12128235    -0.00002667    0.00005000    -0.00008000    -0.00005000
5909.24681344    0.00002333    -0.00003000    -0.00003000    0.00013000
5909.37234453    -0.00003333    0.00003000    -0.00005000    -0.00008000
5909.49787563    0.00001667    0.00005000    -0.00008000    0.00008000
5909.62340672    -0.00002000    0.00005000    -0.00008000    -0.00003000
5909.74893781    -0.00000667    0.00003000    0.00000000    -0.00005000
5909.87446891    -0.00001000    0.00005000    -0.00008000    0.00000000
5910.00000000    -0.00005000    -0.00013000    0.00003000    -0.00005000
