5878.20007725    0.00000100    0.00000100    0.00000050    0.00000150
5878.33912708    -0.00000017    0.00000000    -0.00000100    0.00000050
5878.48010815    -0.00000017    0.00000000    -0.00000100    0.00000050
5878.61915798    -0.00000017    -0.00000050    0.00000000    0.00000000
5878.75820780    -0.00000050    -0.00000100    -0.00000050    0.00000000
5878.89918888    -0.00000067    -0.00000150    -0.00000100    0.00000050
5879.03823870    -0.00000083    -0.00000100    -0.00000050    -0.00000100
5879.17921978    -0.00000100    -0.00000300    -0.00000100    0.00000100
5879.31826960    -0.00000050    -0.00000100    -0.00000100    0.00000050
5879.45731943    -0.00000033    -0.00000050    -0.00000050    0.00000000
5879.59830050    -0.00000067    -0.00000050    -0.00000150    0.00000000
5879.73735033    -0.00000117    -0.00000050    -0.00000300    0.00000000
5879.87640015    0.00000000    -0.00000050    0.00000000    0.00000050
5880.01738123    -0.00000133    -0.00000250    -0.00000100    -0.00000050
5880.15643105    -0.00000133    -0.00000150    -0.00000300    0.00000050
5880.29548088    -0.00000067    -0.00000150    -0.00000100    0.00000050
5880.43646195    -0.00000050    -0.00000050    -0.00000100    0.00000000
5880.57551178    -0.00000133    -0.00000250    -0.00000100    -0.00000050
5880.71649285    -0.00000100    -0.00000250    -0.00000100    0.00000050
5880.85554268    -0.00000033    -0.00000100    -0.00000050    0.00000050
5880.99459251    -0.00000050    -0.00000000    -0.00000050    -0.00000100
5881.13557358    -0.00000033    -0.00000050    -0.00000100    0.00000050
5881.27462341    -0.00000050    -0.00000100    -0.00000100    0.00000050
5881.41367323    -0.00000117    -0.00000150    -0.00000100    -0.00000100
5881.55465431    -0.00000033    0.00000000    -0.00000100    0.00000000
5881.69370413    -0.00000067    -0.00000100    -0.00000050    -0.00000050
5881.83468521    -0.00000133    -0.00000250    -0.00000150    0.00000000
5881.97373503    -0.00000067    -0.00000100    -0.00000100    0.00000000
5882.11278486    -0.00000067    -0.00000100    -0.00000150    0.00000050
5882.25376593    0.00000000    0.00000050    -0.00000050    0.00000000
5882.39281576    -0.00000100    -0.00000100    -0.00000150    -0.00000050
5882.53186559    -0.00000033    -0.00000150    -0.00000050    0.00000100
5882.67284666    -0.00000150    -0.00000100    -0.00000300    -0.00000050
5882.81189649    -0.00000017    -0.00000150    0.00000050    0.00000050
5882.95094631    -0.00000033    -0.00000150    -0.00000050    0.00000100
5883.09192739    -0.00000050    -0.00000150    -0.00000050    0.00000050
5883.23097721    -0.00000033    -0.00000100    -0.00000050    0.00000050
5883.37195829    -0.00000033    0.00000000    -0.00000150    0.00000050
5883.51100811    0.00000017    -0.00000050    -0.00000050    0.00000150
5883.65005794    -0.00000067    -0.00000100    -0.00000150    0.00000050
5883.79103901    -0.00000033    0.00000050    -0.00000100    -0.00000050
5883.93008884    0.00000017    -0.00000100    0.00000050    0.00000100
5884.06913866    -0.00000033    -0.00000050    -0.00000050    0.00000000
5884.21011974    -0.00000100    -0.00000100    -0.00000250    0.00000050
5884.34916956    0.00000050    0.00000050    0.00000000    0.00000100
5884.48821939    0.00000000    -0.00000100    -0.00000050    0.00000150
5884.62920046    -0.00000067    -0.00000050    -0.00000150    0.00000000
5884.76825029    0.00000017    -0.00000050    -0.00000000    0.00000100
5884.90923136    0.00000017    0.00000000    -0.00000050    0.00000100
5885.04828119    0.00000067    0.00000000    0.00000050    0.00000150
5885.18733102    -0.00000033    -0.00000100    -0.00000100    0.00000100
5885.32831209    0.00000033    0.00000000    0.00000050    0.00000050
5885.46736192    0.00000033    0.00000100    -0.00000050    0.00000050
5885.60641174    -0.00000017    0.00000000    -0.00000150    0.00000100
5885.74739282    -0.00000017    0.00000000    -0.00000100    0.00000050
5885.88644264    0.00000000    -0.00000050    -0.00000050    0.00000100
5886.02742372    0.00000050    0.00000050    -0.00000050    0.00000150
5886.16647354    0.00000017    0.00000000    -0.00000000    0.00000050
5886.30552337    0.00000067    0.00000100    0.00000000    0.00000100
5886.44650444    0.00000000    -0.00000100    0.00000050    0.00000050
5886.58555427    0.00000017    -0.00000050    0.00000050    0.00000050
5886.72460409    -0.00000033    -0.00000050    -0.00000100    0.00000050
5886.86558517    0.00000017    0.00000050    -0.00000050    0.00000050
5887.00463499    0.00000117    0.00000050    0.00000050    0.00000250
5887.14368482    0.00000100    0.00000100    0.00000050    0.00000150
5887.28466589    0.00000050    0.00000000    -0.00000100    0.00000250
5887.42371572    0.00000100    0.00000100    0.00000100    0.00000100
5887.56469679    0.00000083    0.00000050    0.00000100    0.00000100
5887.70374662    0.00000067    -0.00000050    0.00000100    0.00000150
5887.84279645    0.00000083    0.00000000    0.00000000    0.00000250
5887.98377752    0.00000050    0.00000100    -0.00000100    0.00000150
5888.12282735    0.00000217    0.00000250    0.00000100    0.00000300
5888.26187717    0.00000117    0.00000100    0.00000000    0.00000250
5888.40285825    0.00000150    0.00000050    0.00000100    0.00000300
5888.54190807    0.00000217    0.00000150    0.00000250    0.00000250
5888.68288915    0.00000167    0.00000150    0.00000050    0.00000300
5888.82193897    0.00000200    0.00000100    0.00000150    0.00000350
5888.96098880    0.00000250    0.00000150    0.00000250    0.00000350
5889.10196987    0.00000350    0.00000300    0.00000350    0.00000400
5889.24101970    0.00000333    0.00000300    0.00000300    0.00000400
5889.38006952    0.00000383    0.00000350    0.00000300    0.00000500
5889.52105060    0.00000450    0.00000350    0.00000400    0.00000600
5889.66010042    0.00000667    0.00000600    0.00000600    0.00000800
5889.79915025    0.00000850    0.00000800    0.00000750    0.00001000
5889.94013132    0.00001083    0.00001100    0.00000900    0.00001250
5890.07918115    0.00001383    0.00001350    0.00001300    0.00001500
5890.22016222    0.00001933    0.00001900    0.00001900    0.00002000
5890.35921205    0.00002550    0.00002550    0.00002500    0.00002600
5890.49826188    0.00003550    0.00003500    0.00003500    0.00003650
5890.63924295    0.00004583    0.00004550    0.00004650    0.00004550
5890.77829278    0.00006000    0.00005850    0.00006000    0.00006150
5890.91734260    0.00007467    0.00007350    0.00007400    0.00007650
5891.05832368    0.00009567    0.00009250    0.00009600    0.00009850
5891.19737350    0.00011950    0.00011800    0.00011750    0.00012300
5891.33642333    0.00014283    0.00014050    0.00014300    0.00014500
5891.47740440    0.00017500    0.00017250    0.00017500    0.00017750
5891.61645423    0.00021067    0.00020750    0.00021000    0.00021450
5891.75743530    0.00024950    0.00024550    0.00025300    0.00025000
5891.89648513    0.00029017    0.00028800    0.00028800    0.00029450
5892.03553496    0.00034083    0.00033750    0.00034300    0.00034200
5892.17651603    0.00039283    0.00039700    0.00038950    0.00039200
5892.31556586    0.00044667    0.00043650    0.00044950    0.00045400
5892.45461568    0.00051417    0.00050850    0.00051400    0.00052000
5892.59559676    0.00056633    0.00056750    0.00056700    0.00056450
5892.73464658    0.00062233    0.00061600    0.00062250    0.00062850
5892.87562766    0.00067983    0.00066700    0.00068650    0.00068600
5893.01467748    0.00071917    0.00072750    0.00071600    0.00071400
5893.15372731    0.00076717    0.00076100    0.00077600    0.00076450
5893.29470838    0.00080200    0.00078900    0.00081050    0.00080650
5893.43375821    0.00082867    0.00082850    0.00082200    0.00083550
5893.57280803    0.00085600    0.00085150    0.00085550    0.00086100
5893.71378911    0.00087083    0.00087650    0.00085650    0.00087950
5893.85283893    0.00088983    0.00089050    0.00089050    0.00088850
5893.99188876    0.00088983    0.00088450    0.00089200    0.00089300
5894.13286983    0.00089683    0.00089900    0.00090100    0.00089050
5894.27191966    0.00089117    0.00088350    0.00089400    0.00089600
5894.41290073    0.00088067    0.00087700    0.00088700    0.00087800
5894.55195056    0.00086700    0.00086150    0.00086150    0.00087800
5894.69100039    0.00083967    0.00084350    0.00084150    0.00083400
5894.83198146    0.00080617    0.00080650    0.00080100    0.00081100
5894.97103129    0.00078267    0.00078850    0.00077350    0.00078600
5895.11008111    0.00073817    0.00074150    0.00073200    0.00074100
5895.25106219    0.00068733    0.00068000    0.00069500    0.00068700
5895.39011201    0.00062850    0.00063000    0.00063200    0.00062350
5895.52916184    0.00056600    0.00057150    0.00056200    0.00056450
5895.67014291    0.00051600    0.00052200    0.00051150    0.00051450
5895.80919274    0.00046133    0.00047000    0.00045200    0.00046200
5895.95017381    0.00040800    0.00041250    0.00040000    0.00041150
5896.08922364    0.00036533    0.00036450    0.00037150    0.00036000
5896.22827346    0.00032317    0.00033000    0.00032050    0.00031900
5896.36925454    0.00028800    0.00028850    0.00028750    0.00028800
5896.50830436    0.00025950    0.00026300    0.00025600    0.00025950
5896.64735419    0.00023633    0.00023800    0.00023550    0.00023550
5896.78833526    0.00022267    0.00022050    0.00022450    0.00022300
5896.92738509    0.00021350    0.00021500    0.00021200    0.00021350
5897.06836616    0.00021617    0.00021350    0.00021750    0.00021750
5897.20741599    0.00022867    0.00022800    0.00022850    0.00022950
5897.34646582    0.00024733    0.00024500    0.00024600    0.00025100
5897.48744689    0.00027400    0.00027250    0.00027750    0.00027200
5897.62649672    0.00030500    0.00029700    0.00030600    0.00031200
5897.76554654    0.00033767    0.00033800    0.00033750    0.00033750
5897.90652762    0.00037133    0.00036750    0.00037000    0.00037650
5898.04557744    0.00040617    0.00040500    0.00040700    0.00040650
5898.18462727    0.00043967    0.00043550    0.00043650    0.00044700
5898.32560834    0.00047317    0.00047500    0.00047650    0.00046800
5898.46465817    0.00050467    0.00049900    0.00050650    0.00050850
5898.60563924    0.00052900    0.00053250    0.00053100    0.00052350
5898.74468907    0.00055300    0.00054700    0.00055600    0.00055600
5898.88373890    0.00056983    0.00057200    0.00057000    0.00056750
5899.02471997    0.00058200    0.00058000    0.00058700    0.00057900
5899.16376980    0.00059750    0.00059600    0.00059250    0.00060400
5899.30281962    0.00061283    0.00061600    0.00061350    0.00060900
5899.44380070    0.00061433    0.00061400    0.00060900    0.00062000
5899.58285052    0.00061683    0.00061750    0.00061850    0.00061450
5899.72383160    0.00061983    0.00061750    0.00061700    0.00062500
5899.86288142    0.00061550    0.00061850    0.00061200    0.00061600
5900.00193125    0.00061633    0.00062100    0.00060950    0.00061850
5900.14291232    0.00060933    0.00061350    0.00060500    0.00060950
5900.28196215    0.00061183    0.00060500    0.00061950    0.00061100
5900.42101197    0.00056967    0.00057950    0.00056700    0.00056250
5900.56199305    0.00054050    0.00053900    0.00053650    0.00054600
5900.70104287    0.00051233    0.00051650    0.00051450    0.00050600
5900.84009270    0.00048117    0.00048400    0.00047800    0.00048150
5900.98107377    0.00044267    0.00044550    0.00043950    0.00044300
5901.12012360    0.00039483    0.00040150    0.00038650    0.00039650
5901.26110467    0.00036067    0.00036050    0.00036400    0.00035750
5901.40015450    0.00031850    0.00032000    0.00031550    0.00032000
5901.53920433    0.00027750    0.00028200    0.00027500    0.00027550
5901.68018540    0.00024317    0.00024500    0.00024200    0.00024250
5901.81923523    0.00020950    0.00021300    0.00020700    0.00020850
5901.95828505    0.00017867    0.00018100    0.00017800    0.00017700
5902.09926613    0.00014533    0.00014600    0.00014500    0.00014500
5902.23831595    0.00011767    0.00012050    0.00011750    0.00011500
5902.37736578    0.00009133    0.00009300    0.00009100    0.00009000
5902.51834685    0.00006817    0.00007000    0.00006650    0.00006800
5902.65739668    0.00005117    0.00005150    0.00005150    0.00005050
5902.79837775    0.00003767    0.00003850    0.00003650    0.00003800
5902.93742758    0.00002717    0.00002600    0.00002800    0.00002750
5903.07647740    0.00002050    0.00002100    0.00002050    0.00002000
5903.21745848    0.00001500    0.00001550    0.00001400    0.00001550
5903.35650830    0.00001150    0.00001050    0.00001150    0.00001250
5903.49555813    0.00000883    0.00000900    0.00000750    0.00001000
5903.63653920    0.00000617    0.00000600    0.00000600    0.00000650
5903.77558903    0.00000550    0.00000550    0.00000500    0.00000600
5903.91657010    0.00000400    0.00000300    0.00000500    0.00000400
5904.05561993    0.00000350    0.00000300    0.00000400    0.00000350
5904.19466976    0.00000300    0.00000350    0.00000250    0.00000300
5904.33565083    0.00000333    0.00000350    0.00000250    0.00000400
5904.47470066    0.00000250    0.00000250    0.00000150    0.00000350
5904.61375048    0.00000283    0.00000250    0.00000300    0.00000300
5904.75473156    0.00000167    0.00000100    0.00000150    0.00000250
5904.89378138    0.00000183    0.00000100    0.00000150    0.00000300
5905.03283121    0.00000217    0.00000250    0.00000150    0.00000250
5905.17381228    0.00000133    0.00000050    0.00000100    0.00000250
5905.31286211    0.00000150    0.00000100    0.00000050    0.00000300
5905.45384318    0.00000167    0.00000250    0.00000150    0.00000100
5905.59289301    0.00000133    0.00000150    -0.00000000    0.00000250
5905.73194284    0.00000167    0.00000150    0.00000100    0.00000250
5905.87292391    0.00000017    -0.00000050    0.00000000    0.00000100
5906.01197374    0.00000083    0.00000100    0.00000050    0.00000100
5906.15102356    0.00000150    0.00000100    0.00000100    0.00000250
5906.29200463    0.00000067    0.00000100    0.00000000    0.00000100
5906.43105446    0.00000100    -0.00000000    0.00000050    0.00000250
5906.57203553    0.00000017    -0.00000050    0.00000000    0.00000100
5906.71108536    0.00000067    0.00000100    0.00000000    0.00000100
5906.85013519    0.00000050    -0.00000050    0.00000050    0.00000150
5906.99111626    0.00000033    0.00000100    -0.00000100    0.00000100
5907.13016609    -0.00000033    -0.00000050    0.00000000    -0.00000050
5907.26921591    -0.00000017    -0.00000100    -0.00000050    0.00000100
5907.41019699    0.00000017    -0.00000050    0.00000050    0.00000050
5907.54924681    0.00000000    -0.00000100    0.00000000    0.00000100
5907.68829664    0.00000000    -0.00000100    0.00000050    0.00000050
5907.82927771    0.00000000    -0.00000000    -0.00000150    0.00000150
5907.96832754    0.00000000    -0.00000000    0.00000000    0.00000000
5908.10930861    0.00000000    -0.00000050    0.00000000    0.00000050
5908.24835844    -0.00000017    -0.00000050    -0.00000050    0.00000050
5908.38740827    0.00000000    0.00000000    -0.00000100    0.00000100
5908.52838934    -0.00000033    -0.00000100    -0.00000050    0.00000050
5908.66743917    0.00000050    0.00000050    0.00000000    0.00000100
5908.80648899    0.00000000    -0.00000050    0.00000000    0.00000050
5908.94747007    -0.00000033    -0.00000050    -0.00000100    0.00000050
5909.08651989    0.00000000    0.00000050    -0.00000100    0.00000050
5909.22556972    0.00000050    0.00000000    0.00000050    0.00000100
5909.36655079    -0.00000100    -0.00000100    -0.00000250    0.00000050
5909.50560062    -0.00000033    -0.00000100    -0.00000100    0.00000100
5909.64658169    0.00000000    -0.00000050    0.00000050    0.00000000
5909.78563152    0.00000000    0.00000050    -0.00000100    0.00000050
5909.92468134    -0.00000033    -0.00000100    -0.00000100    0.00000100
5910.06566242    0.00000017    0.00000050    -0.00000100    0.00000100
5910.20471224    -0.00000017    -0.00000150    0.00000000    0.00000100
5910.34376207    0.00000000    -0.00000050    0.00000000    0.00000050
5910.48474314    -0.00000017    -0.00000100    -0.00000000    0.00000050
5910.62379297    -0.00000033    -0.00000100    -0.00000050    0.00000050
5910.76477404    -0.00000017    -0.00000150    0.00000000    0.00000100
5910.90382387    -0.00000050    -0.00000100    -0.00000150    0.00000100
5911.04287370    -0.00000100    -0.00000100    -0.00000100    -0.00000100
5911.18385477    -0.00000067    -0.00000050    -0.00000100    -0.00000050
5911.32290460    -0.00000167    -0.00000250    -0.00000150    -0.00000100
5911.46195442    0.00000033    -0.00000050    0.00000050    0.00000100
5911.60293550    0.00000000    -0.00000000    -0.00000100    0.00000100
5911.74198532    -0.00000050    0.00000000    -0.00000100    -0.00000050
5911.88103515    -0.00000050    -0.00000100    -0.00000050    0.00000000
5912.02201622    -0.00000017    -0.00000150    0.00000000    0.00000100
5912.16106605    0.00000033    -0.00000000    -0.00000050    0.00000150
5912.30204712    0.00000000    -0.00000100    -0.00000050    0.00000150
5912.44109695    -0.00000067    -0.00000150    -0.00000100    0.00000050
5912.58014677    -0.00000050    -0.00000100    -0.00000050    0.00000000
5912.72112785    -0.00000100    -0.00000250    -0.00000100    0.00000050
5912.86017767    -0.00000100    -0.00000150    -0.00000250    0.00000100
5912.99922750    -0.00000033    0.00000000    -0.00000150    0.00000050
