8170.00000000    -0.00001667    -0.00002000    -0.00002000    -0.00001000
8170.20084975    -0.00001667    -0.00002000    -0.00001000    -0.00002000
8170.40169950    -0.00002000    -0.00002000    -0.00002000    -0.00002000
8170.60254925    -0.00001000    -0.00001000    -0.00001000    -0.00001000
8170.80339900    -0.00001667    -0.00002000    -0.00002000    -0.00001000
8171.00424874    -0.00001667    -0.00002000    -0.00002000    -0.00001000
8171.20509849    -0.00001333    -0.00002000    -0.00001000    -0.00001000
8171.40787949    -0.00001667    -0.00002000    -0.00001000    -0.00002000
8171.60872924    -0.00001333    -0.00001000    -0.00001000    -0.00002000
8171.80957899    -0.00001333    -0.00001000    -0.00001000    -0.00002000
8172.01042874    -0.00001333    -0.00001000    -0.00002000    -0.00001000
8172.21127849    -0.00001333    -0.00001000    -0.00001000    -0.00002000
8172.41212823    -0.00001333    -0.00001000    -0.00002000    -0.00001000
8172.61297798    -0.00001667    -0.00002000    -0.00001000    -0.00002000
8172.81382773    -0.00002000    -0.00002000    -0.00002000    -0.00002000
8173.01467748    -0.00001333    -0.00001000    -0.00001000    -0.00002000
8173.21552723    -0.00001667    -0.00002000    -0.00001000    -0.00002000
8173.41637698    -0.00002000    -0.00002000    -0.00002000    -0.00002000
8173.61722673    -0.00001333    -0.00000000    -0.00002000    -0.00002000
8173.82000772    -0.00001333    -0.00001000    -0.00001000    -0.00002000
8174.02085747    -0.00001333    -0.00001000    -0.00002000    -0.00001000
8174.22170722    -0.00001667    -0.00001000    -0.00002000    -0.00002000
8174.42255697    -0.00001667    -0.00001000    -0.00002000    -0.00002000
8174.62340672    -0.00002000    -0.00002000    -0.00002000    -0.00002000
8174.82425647    -0.00002000    -0.00002000    -0.00002000    -0.00002000
8175.02510622    -0.00001333    -0.00002000    -0.00001000    -0.00001000
8175.22595597    -0.00001333    -0.00002000    -0.00001000    -0.00001000
8175.42680572    -0.00001333    -0.00001000    -0.00001000    -0.00002000
8175.62765547    -0.00001333    -0.00002000    -0.00001000    -0.00001000
8175.82850521    -0.00001333    -0.00001000    -0.00001000    -0.00002000
8176.02935496    -0.00001667    -0.00002000    -0.00001000    -0.00002000
8176.23020471    -0.00002000    -0.00002000    -0.00002000    -0.00002000
8176.43298571    -0.00001667    -0.00002000    -0.00001000    -0.00002000
8176.63383546    -0.00001333    -0.00002000    -0.00001000    -0.00001000
8176.83468521    -0.00001667    -0.00002000    -0.00001000    -0.00002000
8177.03553496    -0.00001667    -0.00001000    -0.00002000    -0.00002000
8177.23638470    -0.00002000    -0.00002000    -0.00002000    -0.00002000
8177.43723445    -0.00001667    -0.00001000    -0.00002000    -0.00002000
8177.63808420    -0.00002000    -0.00002000    -0.00002000    -0.00002000
8177.83893395    -0.00002000    -0.00002000    -0.00002000    -0.00002000
8178.03978370    -0.00001667    -0.00002000    -0.00002000    -0.00001000
8178.24063345    -0.00001333    -0.00002000    -0.00001000    -0.00001000
8178.44148320    -0.00002000    -0.00002000    -0.00002000    -0.00002000
8178.64233295    -0.00002000    -0.00002000    -0.00002000    -0.00002000
8178.84511394    -0.00001667    -0.00002000    -0.00001000    -0.00002000
8179.04596369    -0.00001667    -0.00002000    -0.00001000    -0.00002000
8179.24681344    -0.00001333    -0.00001000    -0.00001000    -0.00002000
8179.44766319    -0.00001667    -0.00001000    -0.00002000    -0.00002000
8179.64851294    -0.00001667    -0.00002000    -0.00002000    -0.00001000
8179.84936269    -0.00001333    -0.00002000    -0.00001000    -0.00001000
8180.05021244    -0.00001333    -0.00001000    -0.00001000    -0.00002000
8180.25106219    -0.00001667    -0.00002000    -0.00001000    -0.00002000
8180.45191194    -0.00001667    -0.00002000    -0.00002000    -0.00001000
8180.65276168    -0.00001667    -0.00001000    -0.00002000    -0.00002000
8180.85361143    -0.00002000    -0.00002000    -0.00002000    -0.00002000
8181.05446118    -0.00001000    -0.00001000    -0.00001000    -0.00001000
8181.25724218    -0.00002000    -0.00002000    -0.00002000    -0.00002000
8181.45809193    -0.00002000    -0.00002000    -0.00002000    -0.00002000
8181.65894168    -0.00001667    -0.00001000    -0.00002000    -0.00002000
8181.85979143    -0.00001000    -0.00001000    -0.00001000    -0.00001000
8182.06064117    -0.00001667    -0.00001000    -0.00002000    -0.00002000
8182.26149092    -0.00001333    -0.00001000    -0.00002000    -0.00001000
8182.46234067    -0.00001333    -0.00001000    -0.00002000    -0.00001000
8182.66319042    -0.00001667    -0.00002000    -0.00001000    -0.00002000
8182.86404017    -0.00001333    0.00000000    -0.00002000    -0.00002000
8183.06488992    -0.00001333    -0.00001000    -0.00001000    -0.00002000
8183.26573967    -0.00002000    -0.00002000    -0.00002000    -0.00002000
8183.46658942    -0.00001667    -0.00002000    -0.00002000    -0.00001000
8183.66743917    -0.00000333    -0.00001000    0.00000000    -0.00000000
8183.87022016    -0.00000667    0.00000000    -0.00001000    -0.00001000
8184.07106991    -0.00000667    -0.00001000    -0.00001000    0.00000000
8184.27191966    0.00000000    0.00000000    0.00000000    0.00000000
8184.47276941    0.00000000    -0.00001000    0.00001000    0.00000000
8184.67361916    0.00000333    0.00001000    0.00000000    0.00000000
8184.87446891    0.00000667    0.00001000    0.00001000    0.00000000
8185.07531866    0.00000667    0.00000000    0.00001000    0.00001000
8185.27616840    0.00001333    0.00001000    0.00001000    0.00002000
8185.47701815    0.00002000    0.00002000    0.00002000    0.00002000
8185.67786790    0.00003000    0.00003000    0.00003000    0.00003000
8185.87871765    0.00006000    0.00006000    0.00006000    0.00006000
8186.07956740    0.00009333    0.00008000    0.00010000    0.00010000
8186.28234840    0.00015000    0.00015000    0.00015000    0.00015000
8186.48319815    0.00020333    0.00020000    0.00021000    0.00020000
8186.68404789    0.00026000    0.00026000    0.00026000    0.00026000
8186.88489764    0.00031333    0.00031000    0.00031000    0.00032000
8187.08574739    0.00035667    0.00035000    0.00037000    0.00035000
8187.28659714    0.00037667    0.00038000    0.00037000    0.00038000
8187.48744689    0.00038000    0.00038000    0.00038000    0.00038000
8187.68829664    0.00037000    0.00037000    0.00037000    0.00037000
8187.88914639    0.00032000    0.00032000    0.00032000    0.00032000
8188.08999614    0.00027000    0.00027000    0.00027000    0.00027000
8188.29084589    0.00021000    0.00021000    0.00021000    0.00021000
8188.49169564    0.00015000    0.00015000    0.00015000    0.00015000
8188.69254538    0.00009333    0.00010000    0.00010000    0.00008000
8188.89532638    0.00006000    0.00006000    0.00006000    0.00006000
8189.09617613    0.00002000    0.00002000    0.00002000    0.00002000
8189.29702588    0.00001000    0.00001000    0.00001000    0.00001000
8189.49787563    -0.00001333    -0.00001000    -0.00001000    -0.00002000
8189.69872538    -0.00001333    -0.00000000    -0.00002000    -0.00002000
8189.89957513    -0.00001000    -0.00001000    -0.00001000    -0.00001000
8190.10042487    -0.00001667    -0.00002000    -0.00002000    -0.00001000
8190.30127462    -0.00001667    -0.00001000    -0.00002000    -0.00002000
8190.50212437    -0.00001667    -0.00002000    -0.00001000    -0.00002000
8190.70297412    -0.00001667    -0.00002000    -0.00002000    -0.00001000
8190.90382387    -0.00001667    -0.00001000    -0.00002000    -0.00002000
8191.10467362    -0.00001333    -0.00001000    -0.00002000    -0.00001000
8191.30745462    -0.00002000    -0.00002000    -0.00002000    -0.00002000
8191.50830436    -0.00001667    -0.00002000    -0.00002000    -0.00001000
8191.70915411    -0.00001667    -0.00002000    -0.00001000    -0.00002000
8191.91000386    -0.00002000    -0.00002000    -0.00002000    -0.00002000
8192.11085361    -0.00001667    -0.00002000    -0.00001000    -0.00002000
8192.31170336    -0.00001667    -0.00002000    -0.00001000    -0.00002000
8192.51255311    -0.00001000    -0.00001000    -0.00001000    -0.00001000
8192.71340286    -0.00001333    -0.00002000    -0.00001000    -0.00001000
8192.91425261    -0.00001333    -0.00002000    -0.00002000    0.00000000
8193.11510236    -0.00001333    -0.00001000    -0.00001000    -0.00002000
8193.31595211    -0.00000667    -0.00001000    0.00000000    -0.00001000
8193.51680185    -0.00001000    -0.00002000    -0.00001000    0.00000000
8193.71765160    -0.00001000    -0.00002000    0.00000000    -0.00001000
8193.92043260    -0.00000667    -0.00001000    0.00000000    -0.00001000
8194.12128235    -0.00000333    -0.00001000    0.00000000    0.00000000
8194.32213210    0.00000000    0.00000000    0.00000000    0.00000000
8194.52298185    0.00000667    0.00001000    0.00000000    0.00001000
8194.72383160    0.00000667    0.00000000    0.00001000    0.00001000
8194.92468134    0.00001000    0.00001000    0.00001000    0.00001000
8195.12553109    0.00001333    0.00002000    0.00001000    0.00001000
8195.32638084    0.00001667    0.00002000    0.00002000    0.00001000
8195.52723059    0.00002000    0.00002000    0.00002000    0.00002000
8195.72808034    0.00002667    0.00003000    0.00002000    0.00003000
8195.92893009    0.00006333    0.00006000    0.00007000    0.00006000
8196.12977984    0.00008000    0.00008000    0.00008000    0.00008000
8196.33256083    0.00013667    0.00013000    0.00013000    0.00015000
8196.53341058    0.00021000    0.00021000    0.00021000    0.00021000
8196.73426033    0.00027000    0.00027000    0.00027000    0.00027000
8196.93511008    0.00036333    0.00037000    0.00037000    0.00035000
8197.13595983    0.00043000    0.00043000    0.00043000    0.00043000
8197.33680958    0.00050000    0.00050000    0.00050000    0.00050000
8197.53765933    0.00052333    0.00052000    0.00053000    0.00052000
8197.73850908    0.00053000    0.00053000    0.00053000    0.00053000
8197.93935883    0.00051333    0.00052000    0.00051000    0.00051000
8198.14020857    0.00046000    0.00046000    0.00046000    0.00046000
8198.34105832    0.00040000    0.00040000    0.00040000    0.00040000
8198.54190807    0.00031667    0.00032000    0.00032000    0.00031000
8198.74275782    0.00022000    0.00022000    0.00022000    0.00022000
8198.94553882    0.00015000    0.00015000    0.00015000    0.00015000
8199.14638857    0.00009333    0.00008000    0.00010000    0.00010000
8199.34723832    0.00006333    0.00007000    0.00006000    0.00006000
8199.54808806    0.00004000    0.00006000    0.00003000    0.00003000
8199.74893781    0.00000333    0.00000000    0.00001000    0.00000000
8199.94978756    -0.00001667    -0.00002000    -0.00001000    -0.00002000
8200.15063731    -0.00001333    -0.00001000    -0.00002000    -0.00001000
8200.35148706    -0.00001667    -0.00001000    -0.00002000    -0.00002000
8200.55233681    -0.00001333    -0.00001000    -0.00002000    -0.00001000
8200.75318656    -0.00002000    -0.00002000    -0.00002000    -0.00002000
8200.95403631    -0.00001667    -0.00002000    -0.00002000    -0.00001000
8201.15488606    -0.00001000    -0.00000000    -0.00002000    -0.00001000
8201.35766705    -0.00001667    -0.00002000    -0.00002000    -0.00001000
8201.55851680    -0.00002000    -0.00002000    -0.00002000    -0.00002000
8201.75936655    -0.00001667    -0.00001000    -0.00002000    -0.00002000
8201.96021630    -0.00002000    -0.00002000    -0.00002000    -0.00002000
8202.16106605    -0.00002000    -0.00002000    -0.00002000    -0.00002000
8202.36191580    -0.00001333    -0.00001000    -0.00001000    -0.00002000
8202.56276555    -0.00001667    -0.00001000    -0.00002000    -0.00002000
8202.76361530    -0.00001667    -0.00002000    -0.00002000    -0.00001000
8202.96446504    -0.00001333    -0.00001000    -0.00002000    -0.00001000
8203.16531479    -0.00001333    -0.00001000    -0.00001000    -0.00002000
8203.36616454    -0.00002000    -0.00002000    -0.00002000    -0.00002000
8203.56701429    -0.00001667    -0.00002000    -0.00002000    -0.00001000
8203.76979529    -0.00001333    -0.00002000    -0.00001000    -0.00001000
8203.97064504    -0.00001333    -0.00002000    -0.00001000    -0.00001000
8204.17149479    -0.00001000    -0.00001000    -0.00002000    -0.00000000
8204.37234453    -0.00002000    -0.00002000    -0.00002000    -0.00002000
8204.57319428    -0.00001667    -0.00002000    -0.00001000    -0.00002000
8204.77404403    -0.00001667    -0.00002000    -0.00001000    -0.00002000
8204.97489378    -0.00002000    -0.00002000    -0.00002000    -0.00002000
8205.17574353    -0.00001333    -0.00002000    -0.00001000    -0.00001000
8205.37659328    -0.00002000    -0.00002000    -0.00002000    -0.00002000
8205.57744303    -0.00001667    -0.00002000    -0.00002000    -0.00001000
8205.77829278    -0.00001333    -0.00001000    -0.00001000    -0.00002000
8205.97914253    -0.00002000    -0.00002000    -0.00002000    -0.00002000
8206.17999228    -0.00002000    -0.00002000    -0.00002000    -0.00002000
8206.38277327    -0.00001000    -0.00001000    -0.00001000    -0.00001000
8206.58362302    -0.00001333    -0.00001000    -0.00001000    -0.00002000
8206.78447277    -0.00001333    -0.00001000    -0.00001000    -0.00002000
8206.98532252    -0.00001667    -0.00002000    -0.00001000    -0.00002000
8207.18617227    -0.00001667    -0.00002000    -0.00001000    -0.00002000
8207.38702202    -0.00001667    -0.00001000    -0.00002000    -0.00002000
8207.58787177    -0.00002000    -0.00002000    -0.00002000    -0.00002000
8207.78872151    -0.00001667    -0.00002000    -0.00002000    -0.00001000
8207.98957126    -0.00001333    -0.00002000    -0.00001000    -0.00001000
8208.19042101    -0.00001667    -0.00001000    -0.00002000    -0.00002000
8208.39127076    -0.00001667    -0.00002000    -0.00001000    -0.00002000
8208.59212051    -0.00001667    -0.00001000    -0.00002000    -0.00002000
8208.79490151    -0.00002000    -0.00002000    -0.00002000    -0.00002000
8208.99575126    -0.00001333    -0.00002000    -0.00001000    -0.00001000
8209.19660100    -0.00002000    -0.00002000    -0.00002000    -0.00002000
8209.39745075    -0.00001333    -0.00001000    -0.00001000    -0.00002000
8209.59830050    -0.00001667    -0.00001000    -0.00002000    -0.00002000
8209.79915025    -0.00002000    -0.00002000    -0.00002000    -0.00002000
8210.00000000    -0.00001667    -0.00002000    -0.00002000    -0.00001000
