8177.00077250    -0.00000233    -0.00000150    -0.00000400    -0.00000150
8177.11085361    -0.00000017    0.00000150    0.00000100    -0.00000300
8177.22093472    -0.00000233    -0.00000150    -0.00000400    -0.00000150
8177.33101584    -0.00000067    -0.00000150    -0.00000350    0.00000300
8177.44109695    -0.00000083    -0.00000400    0.00000250    -0.00000100
8177.55117806    -0.00000100    -0.00000300    0.00000150    -0.00000150
8177.66125917    -0.00000050    0.00000100    -0.00000100    -0.00000150
8177.77327153    -0.00000117    -0.00000100    0.00000050    -0.00000300
8177.88335265    -0.00000150    0.00000150    -0.00000350    -0.00000250
8177.99343376    -0.00000300    -0.00000300    -0.00000300    -0.00000300
8178.10351487    -0.00000217    -0.00000350    -0.00000050    -0.00000250
8178.21359598    0.00000100    -0.00000150    0.00000300    0.00000150
8178.32367710    -0.00000250    -0.00000300    -0.00000300    -0.00000150
8178.43568946    -0.00000067    0.00000050    -0.00000300    0.00000050
8178.54577057    -0.00000000    -0.00000250    0.00000350    -0.00000100
8178.65585168    0.00000000    0.00000100    0.00000250    -0.00000350
8178.76593279    -0.00000100    0.00000250    -0.00000250    -0.00000300
8178.87601390    0.00000050    -0.00000150    0.00000050    0.00000250
8178.98609502    0.00000050    0.00000000    0.00000300    -0.00000150
8179.09617613    0.00000000    0.00000250    -0.00000300    0.00000050
8179.20818849    -0.00000033    0.00000300    -0.00000050    -0.00000350
8179.31826960    -0.00000083    -0.00000050    -0.00000350    0.00000150
8179.42835071    0.00000017    0.00000300    -0.00000350    0.00000100
8179.53843183    -0.00000100    -0.00000250    0.00000250    -0.00000300
8179.64851294    -0.00000017    -0.00000050    -0.00000250    0.00000250
8179.75859405    -0.00000167    0.00000050    -0.00000250    -0.00000300
8179.86867516    -0.00000150    0.00000150    -0.00000350    -0.00000250
8179.98068752    0.00000133    -0.00000300    0.00000400    0.00000300
8180.09076864    -0.00000100    0.00000150    -0.00000150    -0.00000300
8180.20084975    -0.00000100    0.00000000    0.00000050    -0.00000350
8180.31093086    -0.00000133    0.00000100    -0.00000250    -0.00000250
8180.42101197    -0.00000017    -0.00000300    0.00000350    -0.00000100
8180.53109309    0.00000133    0.00000300    0.00000250    -0.00000150
8180.64310545    -0.00000300    0.00000000    -0.00000500    -0.00000400
8180.75318656    -0.00000183    -0.00000250    -0.00000150    -0.00000150
8180.86326767    -0.00000067    0.00000250    -0.00000300    -0.00000150
8180.97334878    -0.00000167    -0.00000300    -0.00000350    0.00000150
8181.08342990    -0.00000017    0.00000300    0.00000000    -0.00000350
8181.19351101    -0.00000083    0.00000050    -0.00000300    0.00000000
8181.30359212    -0.00000083    0.00000050    -0.00000050    -0.00000250
8181.41560448    0.00000200    0.00000050    0.00000150    0.00000400
8181.52568559    -0.00000200    -0.00000100    -0.00000350    -0.00000150
8181.63576671    -0.00000150    0.00000150    -0.00000350    -0.00000250
8181.74584782    -0.00000117    0.00000250    -0.00000300    -0.00000300
8181.85592893    -0.00000117    -0.00000350    0.00000150    -0.00000150
8181.96601004    -0.00000100    0.00000100    -0.00000250    -0.00000150
8182.07609115    -0.00000017    -0.00000300    0.00000100    0.00000150
8182.18810351    0.00000133    0.00000500    0.00000050    -0.00000150
8182.29818463    0.00000217    0.00000400    -0.00000150    0.00000400
8182.40826574    0.00000317    0.00000400    0.00000300    0.00000250
8182.51834685    0.00000083    0.00000100    -0.00000150    0.00000300
8182.62842796    0.00000317    0.00000550    0.00000350    0.00000050
8182.73850908    0.00000100    -0.00000050    0.00000250    0.00000100
8182.84859019    0.00000467    0.00000250    0.00000550    0.00000600
8182.96060255    0.00000417    0.00000250    0.00000600    0.00000400
8183.07068366    0.00000450    0.00000600    0.00000100    0.00000650
8183.18076477    0.00000383    0.00000100    0.00000750    0.00000300
8183.29084589    0.00000367    0.00000250    0.00000550    0.00000300
8183.40092700    0.00000633    0.00000850    0.00000750    0.00000300
8183.51100811    0.00000517    0.00000300    0.00000650    0.00000600
8183.62302047    0.00000567    0.00000550    0.00000350    0.00000800
8183.73310158    0.00000767    0.00000550    0.00000900    0.00000850
8183.84318270    0.00000850    0.00000500    0.00000800    0.00001250
8183.95326381    0.00000767    0.00001000    0.00000750    0.00000550
8184.06334492    0.00000883    0.00000650    0.00001400    0.00000600
8184.17342603    0.00000983    0.00001100    0.00001000    0.00000850
8184.28350715    0.00001133    0.00001350    0.00001250    0.00000800
8184.39551951    0.00001550    0.00001500    0.00001600    0.00001550
8184.50560062    0.00001350    0.00001550    0.00001250    0.00001250
8184.61568173    0.00001300    0.00001500    0.00001100    0.00001300
8184.72576284    0.00001683    0.00001750    0.00001250    0.00002050
8184.83584396    0.00001817    0.00001500    0.00002050    0.00001900
8184.94592507    0.00001917    0.00002050    0.00001550    0.00002150
8185.05600618    0.00002200    0.00002350    0.00002000    0.00002250
8185.16801854    0.00002267    0.00002400    0.00002000    0.00002400
8185.27809965    0.00002350    0.00002650    0.00002250    0.00002150
8185.38818076    0.00002817    0.00002650    0.00002800    0.00003000
8185.49826188    0.00003267    0.00003350    0.00003150    0.00003300
8185.60834299    0.00003700    0.00003600    0.00003900    0.00003600
8185.71842410    0.00004217    0.00004500    0.00003800    0.00004350
8185.82850521    0.00004750    0.00004350    0.00005050    0.00004850
8185.94051757    0.00005650    0.00005850    0.00005550    0.00005550
8186.05059869    0.00006833    0.00006650    0.00007100    0.00006750
8186.16067980    0.00008117    0.00008400    0.00007900    0.00008050
8186.27076091    0.00009450    0.00009250    0.00009350    0.00009750
8186.38084202    0.00011417    0.00011250    0.00011500    0.00011500
8186.49092314    0.00014133    0.00014300    0.00013750    0.00014350
8186.60293550    0.00016650    0.00016600    0.00016550    0.00016800
8186.71301661    0.00019483    0.00018950    0.00019700    0.00019800
8186.82309772    0.00022517    0.00022250    0.00022600    0.00022700
8186.93317883    0.00025950    0.00025500    0.00026500    0.00025850
8187.04325995    0.00029250    0.00029300    0.00029000    0.00029450
8187.15334106    0.00031750    0.00032150    0.00031200    0.00031900
8187.26342217    0.00035067    0.00035200    0.00035050    0.00034950
8187.37543453    0.00037100    0.00036800    0.00037000    0.00037500
8187.48551564    0.00039000    0.00038500    0.00039050    0.00039450
8187.59559676    0.00040483    0.00040550    0.00040450    0.00040450
8187.70567787    0.00040750    0.00040500    0.00041500    0.00040250
8187.81575898    0.00040650    0.00040550    0.00040500    0.00040900
8187.92584009    0.00039900    0.00040050    0.00039950    0.00039700
8188.03592121    0.00038333    0.00038150    0.00038300    0.00038550
8188.14793357    0.00036800    0.00037150    0.00036250    0.00037000
8188.25801468    0.00034667    0.00034500    0.00034750    0.00034750
8188.36809579    0.00031433    0.00031350    0.00031350    0.00031600
8188.47817690    0.00028867    0.00029450    0.00028300    0.00028850
8188.58825801    0.00025817    0.00025950    0.00025800    0.00025700
8188.69833913    0.00023117    0.00022850    0.00023200    0.00023300
8188.80842024    0.00018383    0.00018600    0.00018250    0.00018300
8188.92043260    0.00015317    0.00015250    0.00015400    0.00015300
8189.03051371    0.00012817    0.00013100    0.00012500    0.00012850
8189.14059482    0.00011067    0.00011250    0.00011350    0.00010600
8189.25067594    0.00007900    0.00008100    0.00008100    0.00007500
8189.36075705    0.00005917    0.00006250    0.00006100    0.00005400
8189.47083816    0.00004283    0.00004500    0.00004250    0.00004100
8189.58285052    0.00003233    0.00003100    0.00003050    0.00003550
8189.69293163    0.00002267    0.00002600    0.00002400    0.00001800
8189.80301275    0.00001717    0.00001850    0.00001550    0.00001750
8189.91309386    0.00001067    0.00001400    0.00000750    0.00001050
8190.02317497    0.00000950    0.00000750    0.00001100    0.00001000
8190.13325608    0.00000683    0.00000850    0.00000300    0.00000900
8190.24333720    0.00000100    -0.00000250    0.00000300    0.00000250
8190.35534956    0.00000100    0.00000500    -0.00000300    0.00000100
8190.46543067    0.00000133    0.00000250    -0.00000150    0.00000300
8190.57551178    0.00000000    -0.00000300    0.00000250    0.00000050
8190.68559289    0.00000000    0.00000300    -0.00000350    0.00000050
8190.79567401    0.00000017    0.00000050    0.00000150    -0.00000150
8190.90575512    0.00000250    0.00000100    0.00000350    0.00000300
8191.01583623    0.00000050    0.00000350    0.00000150    -0.00000350
8191.12784859    0.00000150    -0.00000050    0.00000150    0.00000350
8191.23792970    0.00000233    -0.00000150    0.00000500    0.00000350
8191.34801081    0.00000117    0.00000300    0.00000100    -0.00000050
8191.45809193    0.00000083    0.00000000    -0.00000100    0.00000350
8191.56817304    -0.00000050    0.00000400    -0.00000250    -0.00000300
8191.67825415    0.00000133    0.00000300    -0.00000250    0.00000350
8191.78833526    0.00000217    0.00000350    0.00000150    0.00000150
8191.90034762    0.00000033    0.00000100    -0.00000150    0.00000150
8192.01042874    -0.00000100    -0.00000050    0.00000000    -0.00000250
8192.12050985    -0.00000033    -0.00000300    0.00000100    0.00000100
8192.23059096    0.00000233    0.00000250    -0.00000050    0.00000500
8192.34067207    0.00000050    0.00000500    -0.00000300    -0.00000050
8192.45075319    0.00000200    0.00000400    0.00000250    -0.00000050
8192.56276555    0.00000250    0.00000350    0.00000050    0.00000350
8192.67284666    0.00000083    0.00000500    -0.00000250    0.00000000
8192.78292777    0.00000083    -0.00000100    0.00000000    0.00000350
8192.89300888    0.00000450    0.00000250    0.00000600    0.00000500
8193.00309000    0.00000300    0.00000550    0.00000000    0.00000350
8193.11317111    0.00000333    0.00000050    0.00000600    0.00000350
8193.22325222    0.00000400    0.00000550    0.00000150    0.00000500
8193.33526458    0.00000383    0.00000250    0.00000500    0.00000400
8193.44534569    0.00000433    0.00000800    0.00000350    0.00000150
8193.55542681    0.00000467    0.00000150    0.00000850    0.00000400
8193.66550792    0.00000633    0.00000350    0.00000800    0.00000750
8193.77558903    0.00000750    0.00000850    0.00000900    0.00000500
8193.88567014    0.00000583    0.00000400    0.00000750    0.00000600
8193.99575126    0.00000917    0.00001100    0.00001050    0.00000600
8194.10776362    0.00000983    0.00000550    0.00001300    0.00001100
8194.21784473    0.00001017    0.00001100    0.00001050    0.00000900
8194.32792584    0.00001200    0.00001400    0.00001300    0.00000900
8194.43800695    0.00001333    0.00001050    0.00001300    0.00001650
8194.54808806    0.00001383    0.00001300    0.00001350    0.00001500
8194.65816918    0.00001750    0.00001500    0.00001750    0.00002000
8194.77018154    0.00001900    0.00002100    0.00002000    0.00001600
8194.88026265    0.00002133    0.00002300    0.00002000    0.00002100
8194.99034376    0.00001900    0.00002100    0.00001850    0.00001750
8195.10042487    0.00002417    0.00002150    0.00002550    0.00002550
8195.21050599    0.00002717    0.00002600    0.00002750    0.00002800
8195.32058710    0.00002633    0.00002800    0.00002750    0.00002350
8195.43066821    0.00002700    0.00003000    0.00002500    0.00002600
8195.54268057    0.00003150    0.00003250    0.00003150    0.00003050
8195.65276168    0.00003400    0.00003600    0.00003500    0.00003100
8195.76284280    0.00003783    0.00003400    0.00003900    0.00004050
8195.87292391    0.00004083    0.00003850    0.00004350    0.00004050
8195.98300502    0.00004483    0.00004550    0.00004500    0.00004400
8196.09308613    0.00005167    0.00005000    0.00005500    0.00005000
8196.20316725    0.00006217    0.00006150    0.00006000    0.00006500
8196.31517961    0.00007083    0.00007000    0.00007400    0.00006850
8196.42526072    0.00008600    0.00008900    0.00008250    0.00008650
8196.53534183    0.00010017    0.00009750    0.00009900    0.00010400
8196.64542294    0.00011917    0.00011800    0.00011850    0.00012100
8196.75550406    0.00014317    0.00014050    0.00014800    0.00014100
8196.86558517    0.00018383    0.00018000    0.00018300    0.00018850
8196.97566628    0.00021900    0.00022000    0.00021200    0.00022500
8197.08767864    0.00025367    0.00025250    0.00025550    0.00025300
8197.19775975    0.00030433    0.00030050    0.00030950    0.00030300
8197.30784087    0.00034867    0.00034550    0.00035150    0.00034900
8197.41792198    0.00038683    0.00037800    0.00039300    0.00038950
8197.52800309    0.00043067    0.00042950    0.00043250    0.00043000
8197.63808420    0.00047800    0.00047150    0.00048000    0.00048250
8197.75009656    0.00050767    0.00050650    0.00050450    0.00051200
8197.86017767    0.00053617    0.00053900    0.00053600    0.00053350
8197.97025879    0.00055500    0.00055950    0.00055350    0.00055200
8198.08033990    0.00056233    0.00055100    0.00056850    0.00056750
8198.19042101    0.00056733    0.00057000    0.00057100    0.00056100
8198.30050212    0.00055817    0.00055600    0.00055850    0.00056000
8198.41058324    0.00053717    0.00054100    0.00053350    0.00053700
8198.52259560    0.00051100    0.00051350    0.00051000    0.00050950
8198.63267671    0.00048317    0.00048650    0.00048500    0.00047800
8198.74275782    0.00044467    0.00044450    0.00045000    0.00043950
8198.85283893    0.00040367    0.00041200    0.00039500    0.00040400
8198.96292005    0.00036883    0.00037200    0.00037000    0.00036450
8199.07300116    0.00033300    0.00033500    0.00033500    0.00032900
8199.18308227    0.00026367    0.00026300    0.00026300    0.00026500
8199.29509463    0.00021317    0.00021350    0.00021800    0.00020800
8199.40517574    0.00017383    0.00017750    0.00016950    0.00017450
8199.51525686    0.00015100    0.00015350    0.00015150    0.00014800
8199.62533797    0.00012450    0.00013250    0.00012100    0.00012000
8199.73541908    0.00009333    0.00009300    0.00009050    0.00009650
8199.84550019    0.00007900    0.00008000    0.00008350    0.00007350
8199.95558131    0.00006083    0.00006350    0.00005900    0.00006000
8200.06759367    0.00004850    0.00004800    0.00005000    0.00004750
8200.17767478    0.00003817    0.00004250    0.00003550    0.00003650
8200.28775589    0.00003283    0.00003150    0.00003100    0.00003600
8200.39783700    0.00000983    0.00001150    0.00001000    0.00000800
8200.50791812    0.00000600    0.00000850    0.00000100    0.00000850
8200.61799923    0.00000117    0.00000300    -0.00000100    0.00000150
8200.73001159    0.00000350    0.00000150    0.00000600    0.00000300
8200.84009270    0.00000133    0.00000150    0.00000250    -0.00000000
8200.95017381    -0.00000033    0.00000300    -0.00000300    -0.00000100
8201.06025492    0.00000017    -0.00000250    0.00000250    0.00000050
8201.17033604    -0.00000133    0.00000000    -0.00000300    -0.00000100
8201.28041715    -0.00000000    -0.00000250    0.00000150    0.00000100
8201.39049826    -0.00000050    0.00000400    -0.00000400    -0.00000150
8201.50251062    0.00000000    0.00000150    -0.00000100    -0.00000050
8201.61259173    -0.00000017    -0.00000300    -0.00000050    0.00000300
8201.72267285    -0.00000050    -0.00000250    0.00000100    0.00000000
8201.83275396    0.00000050    -0.00000150    0.00000150    0.00000150
8201.94283507    -0.00000117    -0.00000050    -0.00000250    -0.00000050
8202.05291618    0.00000000    -0.00000350    0.00000100    0.00000250
8202.16299730    -0.00000017    -0.00000300    0.00000350    -0.00000100
8202.27500966    0.00000167    0.00000050    0.00000050    0.00000400
8202.38509077    -0.00000050    0.00000100    -0.00000100    -0.00000150
8202.49517188    0.00000083    0.00000250    0.00000300    -0.00000300
8202.60525299    0.00000100    0.00000300    0.00000400    -0.00000400
8202.71533411    -0.00000133    -0.00000100    0.00000000    -0.00000300
8202.82541522    0.00000083    0.00000250    0.00000250    -0.00000250
8202.93549633    -0.00000067    -0.00000100    -0.00000350    0.00000250
8203.04750869    0.00000033    0.00000250    -0.00000250    0.00000100
8203.15758980    -0.00000167    -0.00000350    0.00000250    -0.00000400
8203.26767092    0.00000083    -0.00000300    0.00000250    0.00000300
8203.37775203    0.00000083    0.00000350    0.00000150    -0.00000250
8203.48783314    -0.00000217    -0.00000150    -0.00000150    -0.00000350
8203.59791425    -0.00000133    -0.00000350    -0.00000300    0.00000250
8203.70992661    0.00000000    -0.00000400    0.00000300    0.00000100
8203.82000772    -0.00000050    0.00000250    -0.00000150    -0.00000250
8203.93008884    -0.00000033    -0.00000300    -0.00000150    0.00000350
8204.04016995    -0.00000133    -0.00000350    -0.00000350    0.00000300
8204.15025106    -0.00000100    -0.00000300    0.00000300    -0.00000300
8204.26033217    -0.00000033    0.00000100    0.00000100    -0.00000300
8204.37041329    0.00000033    0.00000250    0.00000100    -0.00000250
8204.48242565    0.00000083    0.00000100    0.00000100    0.00000050
8204.59250676    -0.00000200    -0.00000050    -0.00000300    -0.00000250
8204.70258787    0.00000150    0.00000350    -0.00000150    0.00000250
8204.81266898    0.00000050    0.00000100    -0.00000250    0.00000300
8204.92275010    -0.00000083    0.00000100    -0.00000050    -0.00000300
8205.03283121    0.00000233    0.00000250    0.00000350    0.00000100
8205.14291232    0.00000300    0.00000250    0.00000300    0.00000350
8205.25492468    -0.00000167    -0.00000300    -0.00000550    0.00000350
8205.36500579    -0.00000350    -0.00000350    -0.00000400    -0.00000300
8205.47508691    -0.00000267    -0.00000250    -0.00000300    -0.00000250
8205.58516802    -0.00000033    -0.00000150    -0.00000100    0.00000150
8205.69524913    0.00000133    -0.00000250    0.00000350    0.00000300
8205.80533024    -0.00000117    -0.00000300    -0.00000300    0.00000250
8205.91734260    0.00000017    -0.00000300    0.00000250    0.00000100
8206.02742372    -0.00000083    0.00000100    0.00000050    -0.00000400
8206.13750483    0.00000050    -0.00000250    0.00000300    0.00000100
8206.24758594    -0.00000050    0.00000300    -0.00000400    -0.00000050
8206.35766705    0.00000017    0.00000300    -0.00000250    0.00000000
8206.46774817    0.00000033    0.00000100    -0.00000250    0.00000250
8206.57782928    -0.00000033    -0.00000400    0.00000000    0.00000300
8206.68984164    0.00000017    -0.00000150    -0.00000150    0.00000350
8206.79992275    -0.00000333    -0.00000300    -0.00000300    -0.00000400
8206.91000386    -0.00000100    0.00000250    -0.00000250    -0.00000300
8207.02008497    0.00000050    -0.00000150    0.00000250    0.00000050
8207.13016609    -0.00000200    0.00000050    -0.00000300    -0.00000350
8207.24024720    -0.00000167    -0.00000300    0.00000150    -0.00000350
8207.35032831    0.00000083    0.00000150    -0.00000150    0.00000250
8207.46234067    -0.00000067    0.00000000    0.00000100    -0.00000300
8207.57242178    0.00000067    0.00000050    0.00000300    -0.00000150
8207.68250290    -0.00000100    0.00000000    -0.00000400    0.00000100
8207.79258401    0.00000017    0.00000150    0.00000250    -0.00000350
8207.90266512    -0.00000117    0.00000050    -0.00000150    -0.00000250
8208.01274623    0.00000033    -0.00000100    0.00000300    -0.00000100
8208.12282735    -0.00000183    -0.00000400    -0.00000400    0.00000250
8208.23483971    -0.00000217    -0.00000300    0.00000050    -0.00000400
8208.34492082    -0.00000083    0.00000150    -0.00000100    -0.00000300
8208.45500193    -0.00000133    0.00000250    -0.00000400    -0.00000250
8208.56508304    -0.00000217    -0.00000150    -0.00000350    -0.00000150
8208.67516416    -0.00000067    0.00000300    -0.00000350    -0.00000150
8208.78524527    -0.00000050    0.00000100    -0.00000100    -0.00000150
8208.89725763    -0.00000217    -0.00000300    -0.00000400    0.00000050
8209.00733874    0.00000050    0.00000050    0.00000100    0.00000000
8209.11741985    -0.00000133    0.00000300    -0.00000350    -0.00000350
8209.22750097    -0.00000050    -0.00000400    -0.00000100    0.00000350
8209.33758208    -0.00000017    -0.00000100    0.00000300    -0.00000250
8209.44766319    -0.00000100    0.00000250    -0.00000150    -0.00000400
8209.55774430    -0.00000150    -0.00000500    -0.00000300    0.00000350
8209.66975666    -0.00000233    -0.00000100    -0.00000550    -0.00000050
8209.77983778    -0.00000017    0.00000250    0.00000000    -0.00000300
8209.88991889    0.00000033    0.00000300    0.00000150    -0.00000350
8210.00000000    0.00000200    0.00000300    0.00000300    0.00000000
