8175.50019312    -0.00000167    -0.00000200    -0.00000200    -0.00000100
8175.63924295    -0.00000100    0.00000000    -0.00000200    -0.00000100
8175.77636153    0.00000000    0.00000000    -0.00000000    0.00000000
8175.91541136    -0.00000133    -0.00000100    -0.00000200    -0.00000100
8176.05446118    -0.00000067    0.00000000    -0.00000100    -0.00000100
8176.19351101    -0.00000067    -0.00000100    -0.00000100    -0.00000000
8176.33062959    -0.00000033    0.00000000    -0.00000100    0.00000000
8176.46967941    -0.00000033    -0.00000100    0.00000100    -0.00000100
8176.60872924    -0.00000100    -0.00000200    -0.00000100    -0.00000000
8176.74777907    -0.00000133    -0.00000100    -0.00000200    -0.00000100
8176.88489764    0.00000000    0.00000100    0.00000000    -0.00000100
8177.02394747    -0.00000033    0.00000000    0.00000000    -0.00000100
8177.16299730    0.00000000    -0.00000000    0.00000000    -0.00000000
8177.30204712    -0.00000033    0.00000000    0.00000000    -0.00000100
8177.43916570    -0.00000033    -0.00000100    0.00000000    0.00000000
8177.57821553    -0.00000067    0.00000000    -0.00000100    -0.00000100
8177.71726535    -0.00000033    0.00000000    -0.00000100    0.00000000
8177.85631518    -0.00000067    -0.00000000    -0.00000200    0.00000000
8177.99343376    0.00000033    0.00000100    -0.00000100    0.00000100
8178.13248358    -0.00000100    -0.00000200    -0.00000100    0.00000000
8178.27153341    -0.00000033    0.00000000    -0.00000000    -0.00000100
8178.41058324    -0.00000033    0.00000000    0.00000000    -0.00000100
8178.54770182    -0.00000100    -0.00000200    0.00000000    -0.00000100
8178.68675164    -0.00000033    -0.00000100    0.00000000    0.00000000
8178.82580147    -0.00000033    0.00000000    0.00000000    -0.00000100
8178.96292005    -0.00000067    -0.00000100    -0.00000200    0.00000100
8179.10196987    -0.00000033    -0.00000100    0.00000100    -0.00000100
8179.24101970    -0.00000100    0.00000000    -0.00000100    -0.00000200
8179.38006952    -0.00000067    0.00000000    -0.00000100    -0.00000100
8179.51718810    -0.00000033    0.00000000    -0.00000100    0.00000000
8179.65623793    0.00000000    0.00000000    0.00000100    -0.00000100
8179.79528776    -0.00000067    -0.00000100    0.00000000    -0.00000100
8179.93433758    -0.00000100    -0.00000100    -0.00000100    -0.00000100
8180.07145616    0.00000000    0.00000000    -0.00000000    0.00000000
8180.21050599    -0.00000033    -0.00000000    0.00000000    -0.00000100
8180.34955581    -0.00000033    -0.00000000    0.00000000    -0.00000100
8180.48860564    0.00000000    0.00000100    -0.00000100    0.00000000
8180.62572422    -0.00000067    -0.00000100    -0.00000100    0.00000000
8180.76477404    0.00000067    0.00000100    0.00000100    0.00000000
8180.90382387    0.00000033    0.00000100    0.00000100    -0.00000100
8181.04287370    0.00000100    0.00000000    0.00000200    0.00000100
8181.17999228    0.00000100    0.00000100    0.00000100    0.00000100
8181.31904210    0.00000133    0.00000200    0.00000100    0.00000100
8181.45809193    0.00000200    0.00000200    0.00000200    0.00000200
8181.59714175    0.00000400    0.00000300    0.00000600    0.00000300
8181.73426033    0.00000633    0.00000600    0.00000700    0.00000600
8181.87331016    0.00000800    0.00000800    0.00000800    0.00000800
8182.01235998    0.00001233    0.00001200    0.00001200    0.00001300
8182.15140981    0.00001533    0.00001500    0.00001600    0.00001500
8182.28852839    0.00001933    0.00002000    0.00001800    0.00002000
8182.42757822    0.00002400    0.00002200    0.00002500    0.00002500
8182.56662804    0.00002767    0.00002700    0.00002800    0.00002800
8182.70567787    0.00003300    0.00003300    0.00003300    0.00003300
8182.84279645    0.00004000    0.00004000    0.00004000    0.00004000
8182.98184627    0.00004800    0.00004700    0.00004700    0.00005000
8183.12089610    0.00005633    0.00005600    0.00005600    0.00005700
8183.25994593    0.00006567    0.00006500    0.00006600    0.00006600
8183.39706450    0.00007967    0.00007700    0.00008100    0.00008100
8183.53611433    0.00009433    0.00009100    0.00009600    0.00009600
8183.67516416    0.00011233    0.00011200    0.00011300    0.00011200
8183.81421398    0.00013000    0.00012700    0.00013200    0.00013100
8183.95133256    0.00015100    0.00015100    0.00015200    0.00015000
8184.09038239    0.00017833    0.00017600    0.00017800    0.00018100
8184.22943221    0.00020100    0.00020100    0.00020000    0.00020200
8184.36655079    0.00022833    0.00022500    0.00022800    0.00023200
8184.50560062    0.00026533    0.00026200    0.00026600    0.00026800
8184.64465044    0.00030067    0.00030000    0.00030100    0.00030100
8184.78370027    0.00033833    0.00033500    0.00034000    0.00034000
8184.92081885    0.00037400    0.00037000    0.00037500    0.00037700
8185.05986868    0.00042300    0.00041300    0.00043000    0.00042600
8185.19891850    0.00046733    0.00046700    0.00046800    0.00046700
8185.33796833    0.00050467    0.00050200    0.00050500    0.00050700
8185.47508691    0.00054567    0.00054200    0.00054300    0.00055200
8185.61413673    0.00059867    0.00059300    0.00060200    0.00060100
8185.75318656    0.00063667    0.00063600    0.00064200    0.00063200
8185.89223638    0.00068033    0.00067700    0.00068200    0.00068200
8186.02935496    0.00072133    0.00071300    0.00072000    0.00073100
8186.16840479    0.00076767    0.00076500    0.00077000    0.00076800
8186.30745462    0.00079600    0.00080000    0.00079600    0.00079200
8186.44650444    0.00081200    0.00081600    0.00081000    0.00081000
8186.58362302    0.00082333    0.00082200    0.00082000    0.00082800
8186.72267285    0.00084533    0.00084200    0.00084300    0.00085100
8186.86172267    0.00085933    0.00085300    0.00087200    0.00085300
8187.00077250    0.00086033    0.00086800    0.00085600    0.00085700
8187.13789108    0.00085200    0.00085000    0.00085000    0.00085600
8187.27694090    0.00085733    0.00085600    0.00085500    0.00086100
8187.41599073    0.00083633    0.00085000    0.00083100    0.00082800
8187.55504056    0.00080867    0.00080300    0.00081600    0.00080700
8187.69215913    0.00079067    0.00078300    0.00079700    0.00079200
8187.83120896    0.00074433    0.00074800    0.00074300    0.00074200
8187.97025879    0.00068500    0.00069300    0.00068700    0.00067500
8188.10930861    0.00062333    0.00063600    0.00061700    0.00061700
8188.24642719    0.00055800    0.00056500    0.00055800    0.00055100
8188.38547702    0.00049567    0.00050000    0.00050100    0.00048600
8188.52452684    0.00040667    0.00041700    0.00039800    0.00040500
8188.66357667    0.00033967    0.00034000    0.00034100    0.00033800
8188.80069525    0.00027833    0.00028200    0.00028100    0.00027200
8188.93974508    0.00021767    0.00022200    0.00021600    0.00021500
8189.07879490    0.00017467    0.00017700    0.00017600    0.00017100
8189.21591348    0.00014233    0.00014600    0.00014100    0.00014000
8189.35496331    0.00010833    0.00011200    0.00010600    0.00010700
8189.49401313    0.00008767    0.00008800    0.00008800    0.00008700
8189.63306296    0.00006533    0.00006800    0.00006300    0.00006500
8189.77018154    0.00004933    0.00005100    0.00004700    0.00005000
8189.90923136    0.00003267    0.00003300    0.00003300    0.00003200
8190.04828119    0.00002067    0.00002100    0.00002100    0.00002000
8190.18733102    0.00001200    0.00001200    0.00001200    0.00001200
8190.32444959    0.00000600    0.00000600    0.00000600    0.00000600
8190.46349942    0.00000167    0.00000200    0.00000100    0.00000200
8190.60254925    0.00000167    0.00000100    0.00000200    0.00000200
8190.74159907    0.00000100    0.00000100    0.00000100    0.00000100
8190.87871765    0.00000200    0.00000200    0.00000200    0.00000200
8191.01776748    0.00000100    0.00000100    0.00000100    0.00000100
8191.15681730    0.00000100    0.00000100    0.00000100    0.00000100
8191.29586713    0.00000133    0.00000100    0.00000200    0.00000100
8191.43298571    0.00000133    0.00000200    0.00000100    0.00000100
8191.57203553    0.00000100    0.00000100    0.00000100    0.00000100
8191.71108536    0.00000133    0.00000100    0.00000100    0.00000200
8191.85013519    0.00000233    0.00000300    0.00000200    0.00000200
8191.98725377    0.00000200    0.00000200    0.00000200    0.00000200
8192.12630359    0.00000400    0.00000300    0.00000300    0.00000600
8192.26535342    0.00000733    0.00000700    0.00000700    0.00000800
8192.40440324    0.00001133    0.00001200    0.00001000    0.00001200
8192.54152182    0.00001333    0.00001500    0.00001200    0.00001300
8192.68057165    0.00001733    0.00001800    0.00001600    0.00001800
8192.81962148    0.00002167    0.00002100    0.00002200    0.00002200
8192.95867130    0.00002700    0.00002700    0.00002700    0.00002700
8193.09578988    0.00003367    0.00003300    0.00003500    0.00003300
8193.23483971    0.00004033    0.00004000    0.00004100    0.00004000
8193.37388953    0.00004900    0.00005000    0.00004700    0.00005000
8193.51293936    0.00005700    0.00005600    0.00005800    0.00005700
8193.65005794    0.00006700    0.00006500    0.00006800    0.00006800
8193.78910776    0.00007800    0.00007800    0.00007800    0.00007800
8193.92815759    0.00009400    0.00009300    0.00009300    0.00009600
8194.06720742    0.00011133    0.00011200    0.00011000    0.00011200
8194.20432599    0.00012900    0.00012700    0.00013200    0.00012800
8194.34337582    0.00015667    0.00015600    0.00015600    0.00015800
8194.48242565    0.00017700    0.00017600    0.00017700    0.00017800
8194.61954423    0.00020300    0.00020000    0.00020700    0.00020200
8194.75859405    0.00023433    0.00023200    0.00023300    0.00023800
8194.89764388    0.00027600    0.00027500    0.00027500    0.00027800
8195.03669370    0.00031133    0.00030800    0.00031300    0.00031300
8195.17381228    0.00035000    0.00034500    0.00035200    0.00035300
8195.31286211    0.00039667    0.00039600    0.00039700    0.00039700
8195.45191194    0.00045133    0.00044600    0.00045600    0.00045200
8195.59096176    0.00051433    0.00051300    0.00051300    0.00051700
8195.72808034    0.00057267    0.00056200    0.00057600    0.00058000
8195.86713017    0.00063200    0.00063000    0.00063300    0.00063300
8196.00617999    0.00070367    0.00068600    0.00071300    0.00071200
8196.14522982    0.00075000    0.00074300    0.00075100    0.00075600
8196.28234840    0.00082100    0.00081100    0.00082200    0.00083000
8196.42139822    0.00089233    0.00088100    0.00090300    0.00089300
8196.56044805    0.00095067    0.00095000    0.00095700    0.00094500
8196.69949788    0.00102433    0.00103100    0.00102200    0.00102000
8196.83661645    0.00107100    0.00107300    0.00106800    0.00107200
8196.97566628    0.00111900    0.00111800    0.00111300    0.00112600
8197.11471611    0.00115767    0.00114700    0.00116000    0.00116600
8197.25376593    0.00118900    0.00120600    0.00117300    0.00118800
8197.39088451    0.00120400    0.00121000    0.00120000    0.00120200
8197.52993434    0.00121067    0.00119500    0.00122100    0.00121600
8197.66898416    0.00122233    0.00119200    0.00122200    0.00125300
8197.80803399    0.00122967    0.00121800    0.00123600    0.00123500
8197.94515257    0.00120333    0.00120500    0.00120200    0.00120300
8198.08420239    0.00120100    0.00117300    0.00120000    0.00123000
8198.22325222    0.00116300    0.00116600    0.00115000    0.00117300
8198.36230205    0.00111433    0.00112000    0.00111300    0.00111000
8198.49942063    0.00105200    0.00105000    0.00105000    0.00105600
8198.63847045    0.00098867    0.00098600    0.00099300    0.00098700
8198.77752028    0.00090633    0.00092500    0.00089100    0.00090300
8198.91657010    0.00082000    0.00081200    0.00083700    0.00081100
8199.05368868    0.00071300    0.00072000    0.00071200    0.00070700
8199.19273851    0.00060833    0.00061100    0.00060800    0.00060600
8199.33178834    0.00049033    0.00049600    0.00048700    0.00048800
8199.47083816    0.00041033    0.00041800    0.00040800    0.00040500
8199.60795674    0.00033867    0.00034700    0.00033100    0.00033800
8199.74700657    0.00025367    0.00025200    0.00025800    0.00025100
8199.88605639    0.00020000    0.00020300    0.00020000    0.00019700
8200.02317497    0.00015500    0.00015700    0.00015200    0.00015600
8200.16222480    0.00012300    0.00012500    0.00012200    0.00012200
8200.30127462    0.00009767    0.00009700    0.00010000    0.00009600
8200.44032445    0.00006967    0.00007100    0.00007000    0.00006800
8200.57744303    0.00005167    0.00005200    0.00005100    0.00005200
8200.71649285    0.00003267    0.00003200    0.00003300    0.00003300
8200.85554268    0.00002100    0.00002100    0.00002100    0.00002100
8200.99459251    0.00001000    0.00001000    0.00001000    0.00001000
8201.13171109    0.00000500    0.00000300    0.00000600    0.00000600
8201.27076091    0.00000167    0.00000200    0.00000100    0.00000200
8201.40981074    0.00000133    0.00000100    0.00000100    0.00000200
8201.54886056    0.00000133    0.00000200    0.00000100    0.00000100
8201.68597914    0.00000067    0.00000100    0.00000100    0.00000000
8201.82502897    0.00000100    0.00000100    0.00000100    0.00000100
8201.96407879    0.00000067    0.00000100    0.00000000    0.00000100
8202.10312862    -0.00000033    0.00000000    -0.00000100    0.00000000
8202.24024720    0.00000067    0.00000100    0.00000100    0.00000000
8202.37929703    0.00000033    0.00000000    0.00000000    0.00000100
8202.51834685    0.00000067    0.00000000    0.00000100    0.00000100
8202.65739668    0.00000033    0.00000000    0.00000000    0.00000100
8202.79451526    0.00000067    0.00000000    0.00000100    0.00000100
8202.93356508    0.00000000    -0.00000100    0.00000100    0.00000000
8203.07261491    0.00000033    0.00000100    0.00000000    0.00000000
8203.21166474    -0.00000033    -0.00000200    0.00000100    0.00000000
8203.34878331    0.00000000    0.00000000    0.00000100    -0.00000100
8203.48783314    -0.00000033    0.00000000    -0.00000200    0.00000100
8203.62688297    0.00000000    0.00000000    0.00000000    0.00000000
8203.76593279    -0.00000033    0.00000000    -0.00000100    0.00000000
8203.90305137    -0.00000133    0.00000000    -0.00000200    -0.00000200
8204.04210120    0.00000000    0.00000100    0.00000000    -0.00000100
8204.18115102    0.00000000    -0.00000100    0.00000100    0.00000000
8204.32020085    -0.00000033    0.00000000    -0.00000000    -0.00000100
8204.45731943    -0.00000033    0.00000100    0.00000000    -0.00000200
8204.59636925    -0.00000067    0.00000000    -0.00000200    0.00000000
8204.73541908    0.00000067    0.00000100    0.00000100    0.00000000
8204.87253766    0.00000033    0.00000100    -0.00000000    0.00000000
8205.01158749    0.00000000    0.00000000    0.00000100    -0.00000100
8205.15063731    0.00000033    0.00000100    0.00000100    -0.00000100
8205.28968714    -0.00000067    -0.00000100    -0.00000100    0.00000000
8205.42680572    0.00000000    -0.00000100    0.00000100    0.00000000
8205.56585554    0.00000000    -0.00000100    0.00000100    0.00000000
8205.70490537    -0.00000033    -0.00000000    0.00000000    -0.00000100
8205.84395520    -0.00000100    0.00000000    -0.00000200    -0.00000100
8205.98107377    -0.00000133    0.00000000    -0.00000200    -0.00000200
8206.12012360    -0.00000100    -0.00000100    -0.00000200    0.00000000
8206.25917343    -0.00000133    -0.00000100    -0.00000100    -0.00000200
8206.39822325    -0.00000067    -0.00000200    0.00000100    -0.00000100
8206.53534183    -0.00000033    -0.00000100    0.00000000    0.00000000
8206.67439166    -0.00000067    0.00000000    -0.00000100    -0.00000100
8206.81344148    -0.00000033    0.00000000    -0.00000000    -0.00000100
8206.95249131    -0.00000033    -0.00000100    0.00000000    0.00000000
8207.08960989    -0.00000067    0.00000000    -0.00000000    -0.00000200
8207.22865971    0.00000000    0.00000000    0.00000000    0.00000000
8207.36770954    -0.00000067    -0.00000100    0.00000000    -0.00000100
8207.50675937    -0.00000100    -0.00000100    -0.00000100    -0.00000100
8207.64387795    -0.00000100    -0.00000200    0.00000000    -0.00000100
8207.78292777    -0.00000167    -0.00000200    -0.00000200    -0.00000100
8207.92197760    -0.00000167    -0.00000100    -0.00000200    -0.00000200
8208.06102742    0.00000000    0.00000100    -0.00000100    -0.00000000
8208.19814600    -0.00000033    -0.00000100    0.00000000    0.00000000
8208.33719583    -0.00000033    0.00000000    0.00000000    -0.00000100
8208.47624565    0.00000000    0.00000000    -0.00000000    0.00000000
8208.61529548    -0.00000067    -0.00000200    0.00000000    0.00000000
8208.75241406    -0.00000133    -0.00000100    -0.00000100    -0.00000200
8208.89146389    -0.00000133    -0.00000100    -0.00000100    -0.00000200
8209.03051371    -0.00000100    -0.00000200    0.00000000    -0.00000100
8209.16956354    -0.00000100    -0.00000200    -0.00000100    0.00000000
8209.30668212    -0.00000067    -0.00000200    0.00000000    0.00000000
8209.44573194    -0.00000067    -0.00000100    -0.00000000    -0.00000100
8209.58478177    -0.00000133    -0.00000200    -0.00000100    -0.00000100
8209.72383160    -0.00000067    -0.00000000    -0.00000100    -0.00000100
8209.86095017    -0.00000067    -0.00000100    0.00000000    -0.00000100
8210.00000000    -0.00000067    -0.00000000    0.00000000    -0.00000200
