8170.20084975    -0.00000183    -0.00000300    -0.00000150    -0.00000100
8170.35921205    -0.00000267    -0.00000300    -0.00000400    -0.00000100
8170.51950560    -0.00000217    -0.00000300    -0.00000250    -0.00000100
8170.67979915    -0.00000150    -0.00000250    -0.00000150    -0.00000050
8170.84009270    -0.00000317    -0.00000350    -0.00000350    -0.00000250
8170.99845500    -0.00000233    -0.00000300    -0.00000300    -0.00000100
8171.15874855    -0.00000200    -0.00000300    -0.00000250    -0.00000050
8171.31904210    -0.00000200    -0.00000300    -0.00000300    0.00000000
8171.47933565    -0.00000233    -0.00000300    -0.00000250    -0.00000150
8171.63769795    -0.00000233    -0.00000150    -0.00000300    -0.00000250
8171.79799150    -0.00000233    -0.00000300    -0.00000350    -0.00000050
8171.95828505    -0.00000183    -0.00000300    -0.00000150    -0.00000100
8172.11857860    -0.00000150    -0.00000150    -0.00000250    -0.00000050
8172.27887215    -0.00000200    -0.00000250    -0.00000300    -0.00000050
8172.43723445    -0.00000150    -0.00000150    -0.00000250    -0.00000050
8172.59752800    -0.00000233    -0.00000300    -0.00000350    -0.00000050
8172.75782155    -0.00000250    -0.00000300    -0.00000350    -0.00000100
8172.91811510    -0.00000250    -0.00000250    -0.00000250    -0.00000250
8173.07647740    -0.00000250    -0.00000350    -0.00000250    -0.00000150
8173.23677095    -0.00000233    -0.00000300    -0.00000350    -0.00000050
8173.39706450    -0.00000233    -0.00000250    -0.00000400    -0.00000050
8173.55735805    -0.00000150    -0.00000150    -0.00000300    -0.00000000
8173.71572036    -0.00000217    -0.00000350    -0.00000250    -0.00000050
8173.87601390    -0.00000217    -0.00000250    -0.00000300    -0.00000100
8174.03630745    -0.00000150    -0.00000150    -0.00000250    -0.00000050
8174.19660100    -0.00000167    -0.00000250    -0.00000150    -0.00000100
8174.35496331    -0.00000267    -0.00000250    -0.00000300    -0.00000250
8174.51525686    -0.00000150    -0.00000150    -0.00000250    -0.00000050
8174.67555041    -0.00000183    -0.00000350    -0.00000150    -0.00000050
8174.83584396    -0.00000217    -0.00000300    -0.00000300    -0.00000050
8174.99613750    -0.00000167    -0.00000150    -0.00000250    -0.00000100
8175.15449981    -0.00000183    -0.00000250    -0.00000150    -0.00000150
8175.31479336    -0.00000267    -0.00000300    -0.00000350    -0.00000150
8175.47508691    -0.00000200    -0.00000250    -0.00000250    -0.00000100
8175.63538046    -0.00000183    -0.00000150    -0.00000250    -0.00000150
8175.79374276    -0.00000250    -0.00000350    -0.00000250    -0.00000150
8175.95403631    -0.00000217    -0.00000300    -0.00000250    -0.00000100
8176.11432986    -0.00000233    -0.00000300    -0.00000300    -0.00000100
8176.27462341    -0.00000217    -0.00000300    -0.00000250    -0.00000100
8176.43298571    -0.00000250    -0.00000350    -0.00000250    -0.00000150
8176.59327926    -0.00000167    -0.00000350    -0.00000050    -0.00000100
8176.75357281    -0.00000283    -0.00000350    -0.00000350    -0.00000150
8176.91386636    -0.00000200    -0.00000350    -0.00000150    -0.00000100
8177.07222866    -0.00000233    -0.00000300    -0.00000300    -0.00000100
8177.23252221    -0.00000317    -0.00000350    -0.00000350    -0.00000250
8177.39281576    -0.00000267    -0.00000250    -0.00000300    -0.00000250
8177.55310931    -0.00000200    -0.00000500    -0.00000100    0.00000000
8177.71340286    -0.00000200    -0.00000150    -0.00000300    -0.00000150
8177.87176516    -0.00000100    -0.00000150    -0.00000150    0.00000000
8178.03205871    -0.00000133    -0.00000150    -0.00000250    0.00000000
8178.19235226    -0.00000250    -0.00000300    -0.00000400    -0.00000050
8178.35264581    -0.00000233    -0.00000350    -0.00000250    -0.00000100
8178.51100811    -0.00000200    -0.00000150    -0.00000300    -0.00000150
8178.67130166    -0.00000267    -0.00000350    -0.00000350    -0.00000100
8178.83159521    -0.00000200    -0.00000350    -0.00000150    -0.00000100
8178.99188876    -0.00000183    -0.00000300    -0.00000250    0.00000000
8179.15025106    -0.00000083    -0.00000150    -0.00000150    0.00000050
8179.31054461    -0.00000200    -0.00000250    -0.00000300    -0.00000050
8179.47083816    -0.00000150    -0.00000100    -0.00000350    -0.00000000
8179.63113171    -0.00000117    -0.00000100    -0.00000100    -0.00000150
8179.78949401    -0.00000233    -0.00000300    -0.00000250    -0.00000150
8179.94978756    -0.00000133    -0.00000250    -0.00000150    0.00000000
8180.11008111    -0.00000217    -0.00000350    -0.00000250    -0.00000050
8180.27037466    -0.00000250    -0.00000300    -0.00000350    -0.00000100
8180.43066821    -0.00000183    -0.00000300    -0.00000150    -0.00000100
8180.58903051    -0.00000250    -0.00000300    -0.00000300    -0.00000150
8180.74932406    -0.00000233    -0.00000350    -0.00000250    -0.00000100
8180.90961761    -0.00000233    -0.00000300    -0.00000250    -0.00000150
8181.06991116    -0.00000167    -0.00000350    -0.00000150    0.00000000
8181.22827346    -0.00000217    -0.00000250    -0.00000300    -0.00000100
8181.38856701    -0.00000217    -0.00000300    -0.00000350    0.00000000
8181.54886056    -0.00000133    -0.00000150    -0.00000150    -0.00000100
8181.70915411    -0.00000167    -0.00000150    -0.00000300    -0.00000050
8181.86751642    -0.00000117    -0.00000150    -0.00000250    0.00000050
8182.02780997    -0.00000083    -0.00000250    -0.00000050    0.00000050
8182.18810351    -0.00000133    -0.00000150    -0.00000300    0.00000050
8182.34839706    -0.00000217    -0.00000250    -0.00000350    -0.00000050
8182.50675937    0.00000000    -0.00000050    -0.00000050    0.00000100
8182.66705292    0.00000050    -0.00000050    -0.00000050    0.00000250
8182.82734647    0.00000233    0.00000100    0.00000250    0.00000350
8182.98764002    0.00000383    0.00000350    0.00000300    0.00000500
8183.14793357    0.00000533    0.00000400    0.00000550    0.00000650
8183.30629587    0.00000933    0.00000850    0.00000900    0.00001050
8183.46658942    0.00001333    0.00001250    0.00001350    0.00001400
8183.62688297    0.00001850    0.00001800    0.00001850    0.00001900
8183.78717652    0.00002483    0.00002500    0.00002350    0.00002600
8183.94553882    0.00003200    0.00003100    0.00003150    0.00003350
8184.10583237    0.00004350    0.00004150    0.00004350    0.00004550
8184.26612592    0.00005517    0.00005400    0.00005400    0.00005750
8184.42641947    0.00007000    0.00006850    0.00007050    0.00007100
8184.58478177    0.00008833    0.00008900    0.00008750    0.00008850
8184.74507532    0.00010883    0.00010750    0.00010900    0.00011000
8184.90536887    0.00012850    0.00012900    0.00012850    0.00012800
8185.06566242    0.00015367    0.00015150    0.00015600    0.00015350
8185.22402472    0.00018050    0.00017950    0.00018000    0.00018200
8185.38431827    0.00020683    0.00020700    0.00020300    0.00021050
8185.54461182    0.00023600    0.00023450    0.00023550    0.00023800
8185.70490537    0.00026500    0.00026700    0.00026300    0.00026500
8185.86519892    0.00029483    0.00029800    0.00029300    0.00029350
8186.02356122    0.00032317    0.00032200    0.00032000    0.00032750
8186.18385477    0.00035933    0.00036000    0.00036050    0.00035750
8186.34414832    0.00038767    0.00038700    0.00038450    0.00039150
8186.50444187    0.00040533    0.00040550    0.00040500    0.00040550
8186.66280417    0.00042483    0.00041900    0.00043000    0.00042550
8186.82309772    0.00043533    0.00043050    0.00043400    0.00044150
8186.98339127    0.00044183    0.00043650    0.00044500    0.00044400
8187.14368482    0.00044667    0.00044150    0.00044800    0.00045050
8187.30204712    0.00044367    0.00045300    0.00043800    0.00044000
8187.46234067    0.00042883    0.00042950    0.00042550    0.00043150
8187.62263422    0.00040983    0.00041000    0.00040750    0.00041200
8187.78292777    0.00038650    0.00039250    0.00037750    0.00038950
8187.94129007    0.00035117    0.00035150    0.00034500    0.00035700
8188.10158362    0.00031517    0.00031200    0.00031900    0.00031450
8188.26187717    0.00026700    0.00026800    0.00026200    0.00027100
8188.42217072    0.00022033    0.00022100    0.00021750    0.00022250
8188.58246427    0.00017050    0.00017600    0.00016850    0.00016700
8188.74082657    0.00013017    0.00013100    0.00013050    0.00012900
8188.90112012    0.00009883    0.00010250    0.00009650    0.00009750
8189.06141367    0.00007417    0.00007500    0.00007400    0.00007350
8189.22170722    0.00005267    0.00005350    0.00005150    0.00005300
8189.38006952    0.00004100    0.00004100    0.00004100    0.00004100
8189.54036307    0.00002767    0.00002850    0.00002600    0.00002850
8189.70065662    0.00001850    0.00001600    0.00001900    0.00002050
8189.86095017    0.00001217    0.00001250    0.00001150    0.00001250
8190.01931248    0.00000617    0.00000550    0.00000650    0.00000650
8190.17960603    0.00000283    0.00000150    0.00000350    0.00000350
8190.33989958    -0.00000083    -0.00000100    -0.00000150    0.00000000
8190.50019312    -0.00000167    -0.00000350    -0.00000150    0.00000000
8190.65855543    -0.00000100    -0.00000100    -0.00000250    0.00000050
8190.81884898    -0.00000117    -0.00000250    -0.00000100    0.00000000
8190.97914253    -0.00000133    -0.00000100    -0.00000250    -0.00000050
8191.13943608    -0.00000183    -0.00000300    -0.00000250    0.00000000
8191.29972963    -0.00000150    -0.00000250    -0.00000150    -0.00000050
8191.45809193    -0.00000167    -0.00000250    -0.00000100    -0.00000150
8191.61838548    -0.00000150    -0.00000250    -0.00000150    -0.00000050
8191.77867903    -0.00000200    -0.00000250    -0.00000250    -0.00000100
8191.93897258    -0.00000133    -0.00000250    -0.00000150    0.00000000
8192.09733488    -0.00000117    -0.00000150    -0.00000100    -0.00000100
8192.25762843    -0.00000100    -0.00000300    0.00000000    0.00000000
8192.41792198    -0.00000050    -0.00000150    -0.00000050    0.00000050
8192.57821553    -0.00000067    -0.00000100    -0.00000100    0.00000000
8192.73657783    -0.00000050    -0.00000050    -0.00000150    0.00000050
8192.89687138    0.00000067    0.00000000    0.00000050    0.00000150
8193.05716493    -0.00000083    -0.00000250    -0.00000150    0.00000150
8193.21745848    0.00000150    0.00000100    0.00000050    0.00000300
8193.37582078    0.00000300    0.00000250    0.00000250    0.00000400
8193.53611433    0.00000633    0.00000550    0.00000600    0.00000750
8193.69640788    0.00000883    0.00000750    0.00000900    0.00001000
8193.85670143    0.00001183    0.00001100    0.00001100    0.00001350
8194.01699498    0.00001733    0.00001650    0.00001650    0.00001900
8194.17535728    0.00002433    0.00002300    0.00002500    0.00002500
8194.33565083    0.00003317    0.00003150    0.00003300    0.00003500
8194.49594438    0.00004167    0.00004150    0.00004050    0.00004300
8194.65623793    0.00005467    0.00005400    0.00005400    0.00005600
8194.81460023    0.00006767    0.00006650    0.00006850    0.00006800
8194.97489378    0.00008733    0.00008600    0.00008800    0.00008800
8195.13518733    0.00010750    0.00010800    0.00010600    0.00010850
8195.29548088    0.00013567    0.00013350    0.00013500    0.00013850
8195.45384318    0.00016617    0.00016550    0.00016500    0.00016800
8195.61413673    0.00019783    0.00019200    0.00019950    0.00020200
8195.77443028    0.00022533    0.00022500    0.00022300    0.00022800
8195.93472383    0.00025733    0.00025700    0.00026000    0.00025500
8196.09308613    0.00030267    0.00030050    0.00030050    0.00030700
8196.25337968    0.00034383    0.00033800    0.00034550    0.00034800
8196.41367323    0.00039033    0.00038400    0.00039300    0.00039400
8196.57396678    0.00042883    0.00042550    0.00042650    0.00043450
8196.73426033    0.00047583    0.00047150    0.00047950    0.00047650
8196.89262263    0.00050950    0.00049950    0.00052000    0.00050900
8197.05291618    0.00055017    0.00054850    0.00055000    0.00055200
8197.21320973    0.00057933    0.00056750    0.00058150    0.00058900
8197.37350328    0.00060900    0.00060150    0.00060900    0.00061650
8197.53186559    0.00062300    0.00061850    0.00063400    0.00061650
8197.69215913    0.00062833    0.00062450    0.00062900    0.00063150
8197.85245268    0.00062433    0.00062450    0.00062150    0.00062700
8198.01274623    0.00062267    0.00061950    0.00062450    0.00062400
8198.17110854    0.00058817    0.00059100    0.00058350    0.00059000
8198.33140209    0.00057683    0.00058100    0.00057250    0.00057700
8198.49169564    0.00053033    0.00053150    0.00053200    0.00052750
8198.65198919    0.00048267    0.00048400    0.00048450    0.00047950
8198.81035149    0.00042550    0.00042900    0.00041700    0.00043050
8198.97064504    0.00035583    0.00035750    0.00035800    0.00035200
8199.13093859    0.00028817    0.00029050    0.00028700    0.00028700
8199.29123214    0.00021733    0.00022300    0.00021450    0.00021450
8199.45152569    0.00016717    0.00016800    0.00016550    0.00016800
8199.60988799    0.00012100    0.00012100    0.00012350    0.00011850
8199.77018154    0.00009333    0.00009350    0.00009300    0.00009350
8199.93047509    0.00006650    0.00006600    0.00006800    0.00006550
8200.09076864    0.00004950    0.00005050    0.00004800    0.00005000
8200.24913094    0.00003583    0.00003750    0.00003400    0.00003600
8200.40942449    0.00002317    0.00002350    0.00002300    0.00002300
8200.56971804    0.00001400    0.00001350    0.00001350    0.00001500
8200.73001159    0.00000750    0.00000650    0.00000800    0.00000800
8200.88837389    0.00000283    0.00000250    0.00000250    0.00000350
8201.04866744    0.00000033    -0.00000100    0.00000050    0.00000150
8201.20896099    -0.00000150    -0.00000250    -0.00000100    -0.00000100
8201.36925454    -0.00000150    -0.00000100    -0.00000350    0.00000000
8201.52761684    -0.00000183    -0.00000150    -0.00000300    -0.00000100
8201.68791039    -0.00000150    -0.00000150    -0.00000350    0.00000050
8201.84820394    -0.00000083    -0.00000050    -0.00000050    -0.00000150
8202.00849749    -0.00000250    -0.00000350    -0.00000300    -0.00000100
8202.16879104    -0.00000167    -0.00000250    -0.00000150    -0.00000100
8202.32715334    -0.00000133    -0.00000300    -0.00000150    0.00000050
8202.48744689    -0.00000167    -0.00000250    -0.00000150    -0.00000100
8202.64774044    -0.00000167    -0.00000150    -0.00000300    -0.00000050
8202.80803399    -0.00000150    -0.00000100    -0.00000250    -0.00000100
8202.96639629    -0.00000233    -0.00000300    -0.00000350    -0.00000050
8203.12668984    -0.00000150    -0.00000300    -0.00000150    0.00000000
8203.28698339    -0.00000183    -0.00000150    -0.00000300    -0.00000100
8203.44727694    -0.00000217    -0.00000400    -0.00000300    0.00000050
8203.60563924    -0.00000133    -0.00000150    -0.00000150    -0.00000100
8203.76593279    -0.00000100    0.00000000    -0.00000250    -0.00000050
8203.92622634    -0.00000267    -0.00000400    -0.00000300    -0.00000100
8204.08651989    -0.00000217    -0.00000250    -0.00000300    -0.00000100
8204.24488219    -0.00000200    -0.00000300    -0.00000250    -0.00000050
8204.40517574    -0.00000217    -0.00000300    -0.00000300    -0.00000050
8204.56546929    -0.00000183    -0.00000300    -0.00000150    -0.00000100
8204.72576284    -0.00000117    -0.00000150    -0.00000150    -0.00000050
8204.88605639    -0.00000150    -0.00000250    -0.00000100    -0.00000100
8205.04441869    -0.00000167    -0.00000150    -0.00000250    -0.00000100
8205.20471224    -0.00000250    -0.00000350    -0.00000350    -0.00000050
8205.36500579    -0.00000250    -0.00000250    -0.00000250    -0.00000250
8205.52529934    -0.00000183    -0.00000250    -0.00000150    -0.00000150
8205.68366165    -0.00000317    -0.00000300    -0.00000500    -0.00000150
8205.84395520    -0.00000183    -0.00000150    -0.00000300    -0.00000100
8206.00424874    -0.00000183    -0.00000150    -0.00000250    -0.00000150
8206.16454229    -0.00000233    -0.00000300    -0.00000300    -0.00000100
8206.32290460    -0.00000083    -0.00000150    -0.00000050    -0.00000050
8206.48319815    -0.00000300    -0.00000350    -0.00000400    -0.00000150
8206.64349170    -0.00000267    -0.00000300    -0.00000250    -0.00000250
8206.80378525    -0.00000250    -0.00000300    -0.00000400    -0.00000050
8206.96214755    -0.00000183    -0.00000250    -0.00000300    0.00000000
8207.12244110    -0.00000250    -0.00000350    -0.00000300    -0.00000100
8207.28273465    -0.00000217    -0.00000250    -0.00000250    -0.00000150
8207.44302820    -0.00000150    -0.00000100    -0.00000300    -0.00000050
8207.60332175    -0.00000200    -0.00000300    -0.00000250    -0.00000050
8207.76168405    -0.00000183    -0.00000300    -0.00000150    -0.00000100
8207.92197760    -0.00000167    -0.00000100    -0.00000250    -0.00000150
8208.08227115    -0.00000250    -0.00000300    -0.00000300    -0.00000150
8208.24256470    -0.00000317    -0.00000500    -0.00000350    -0.00000100
8208.40092700    -0.00000133    -0.00000150    -0.00000150    -0.00000100
8208.56122055    -0.00000150    -0.00000100    -0.00000250    -0.00000100
8208.72151410    -0.00000200    -0.00000250    -0.00000250    -0.00000100
8208.88180765    -0.00000183    -0.00000300    -0.00000250    -0.00000000
8209.04016995    -0.00000183    -0.00000050    -0.00000250    -0.00000250
8209.20046350    -0.00000250    -0.00000300    -0.00000300    -0.00000150
8209.36075705    -0.00000250    -0.00000350    -0.00000250    -0.00000150
8209.52105060    -0.00000150    -0.00000150    -0.00000250    -0.00000050
8209.67941290    -0.00000217    -0.00000300    -0.00000250    -0.00000100
8209.83970645    -0.00000167    -0.00000350    -0.00000100    -0.00000050
8210.00000000    -0.00000233    -0.00000300    -0.00000250    -0.00000150
