5885.00000000    0.00010333    0.00013000    0.00013000    0.00005000
5885.12553109    0.00012000    0.00015000    0.00013000    0.00008000
5885.25106219    0.00013667    0.00018000    0.00015000    0.00008000
5885.37659328    0.00013000    0.00018000    0.00013000    0.00008000
5885.50212437    0.00011333    0.00018000    0.00013000    0.00003000
5885.62765547    0.00012000    0.00013000    0.00018000    0.00005000
5885.75318656    0.00012667    0.00015000    0.00018000    0.00005000
5885.87871765    0.00013667    0.00018000    0.00018000    0.00005000
5886.00424874    0.00012667    0.00013000    0.00020000    0.00005000
5886.12977984    0.00013667    0.00005000    0.00028000    0.00008000
5886.25724218    0.00015333    0.00008000    0.00020000    0.00018000
5886.38277327    0.00015333    0.00008000    0.00018000    0.00020000
5886.50830436    0.00017000    0.00013000    0.00013000    0.00025000
5886.63383546    0.00021000    0.00015000    0.00018000    0.00030000
5886.75936655    0.00022000    0.00020000    0.00018000    0.00028000
5886.88489764    0.00021667    0.00020000    0.00015000    0.00030000
5887.01042874    0.00026000    0.00030000    0.00015000    0.00033000
5887.13595983    0.00027667    0.00038000    0.00015000    0.00030000
5887.26149092    0.00031333    0.00038000    0.00018000    0.00038000
5887.38702202    0.00036000    0.00043000    0.00025000    0.00040000
5887.51255311    0.00041000    0.00050000    0.00030000    0.00043000
5887.63808420    0.00046000    0.00055000    0.00043000    0.00040000
5887.76361530    0.00054333    0.00055000    0.00063000    0.00045000
5887.88914639    0.00067000    0.00063000    0.00080000    0.00058000
5888.01467748    0.00081667    0.00075000    0.00090000    0.00080000
5888.14020857    0.00096000    0.00088000    0.00100000    0.00100000
5888.26573967    0.00123667    0.00113000    0.00125000    0.00133000
5888.39127076    0.00140333    0.00133000    0.00143000    0.00145000
5888.51680185    0.00160000    0.00155000    0.00155000    0.00170000
5888.64233295    0.00197667    0.00195000    0.00190000    0.00208000
5888.76979529    0.00224333    0.00225000    0.00218000    0.00230000
5888.89532638    0.00256667    0.00255000    0.00250000    0.00265000
5889.02085747    0.00273333    0.00275000    0.00265000    0.00280000
5889.14638857    0.00341667    0.00350000    0.00330000    0.00345000
5889.27191966    0.00399333    0.00403000    0.00390000    0.00405000
5889.39745075    0.00462000    0.00468000    0.00450000    0.00468000
5889.52298185    0.00516000    0.00525000    0.00505000    0.00518000
5889.64851294    0.00562667    0.00565000    0.00555000    0.00568000
5889.77404403    0.00624333    0.00633000    0.00615000    0.00625000
5889.89957513    0.00723667    0.00733000    0.00713000    0.00725000
5890.02510622    0.00786000    0.00788000    0.00780000    0.00790000
5890.15063731    0.00881333    0.00878000    0.00893000    0.00873000
5890.27616840    0.00963667    0.00960000    0.00968000    0.00963000
5890.40169950    0.01048667    0.01040000    0.01063000    0.01043000
5890.52723059    0.01131000    0.01143000    0.01135000    0.01115000
5890.65276168    0.01197667    0.01205000    0.01203000    0.01185000
5890.77829278    0.01271667    0.01275000    0.01255000    0.01285000
5890.90382387    0.01334333    0.01340000    0.01325000    0.01338000
5891.02935496    0.01376000    0.01368000    0.01400000    0.01360000
5891.15488606    0.01415333    0.01413000    0.01423000    0.01410000
5891.28234840    0.01462000    0.01493000    0.01443000    0.01450000
5891.40787949    0.01471000    0.01485000    0.01493000    0.01435000
5891.53341058    0.01479667    0.01493000    0.01473000    0.01473000
5891.65894168    0.01474333    0.01503000    0.01455000    0.01465000
5891.78447277    0.01471000    0.01485000    0.01473000    0.01455000
5891.91000386    0.01439333    0.01455000    0.01448000    0.01415000
5892.03553496    0.01399667    0.01428000    0.01398000    0.01373000
5892.16106605    0.01357667    0.01385000    0.01335000    0.01353000
5892.28659714    0.01313667    0.01318000    0.01335000    0.01288000
5892.41212823    0.01267000    0.01290000    0.01263000    0.01248000
5892.53765933    0.01206000    0.01225000    0.01213000    0.01180000
5892.66319042    0.01156000    0.01185000    0.01153000    0.01130000
5892.78872151    0.01108667    0.01128000    0.01100000    0.01098000
5892.91425261    0.01048000    0.01063000    0.01043000    0.01038000
5893.03978370    0.00993000    0.00998000    0.01003000    0.00978000
5893.16531479    0.00955333    0.00973000    0.00963000    0.00930000
5893.29084589    0.00892667    0.00900000    0.00903000    0.00875000
5893.41637698    0.00854333    0.00860000    0.00865000    0.00838000
5893.54190807    0.00810333    0.00818000    0.00818000    0.00795000
5893.66743917    0.00763667    0.00765000    0.00768000    0.00758000
5893.79490151    0.00716000    0.00720000    0.00720000    0.00708000
5893.92043260    0.00685333    0.00675000    0.00688000    0.00693000
5894.04596369    0.00643667    0.00645000    0.00643000    0.00643000
5894.17149479    0.00612000    0.00613000    0.00608000    0.00615000
5894.29702588    0.00571667    0.00575000    0.00565000    0.00575000
5894.42255697    0.00536333    0.00543000    0.00528000    0.00538000
5894.54808806    0.00505000    0.00515000    0.00495000    0.00505000
5894.67361916    0.00470333    0.00468000    0.00468000    0.00475000
5894.79915025    0.00444333    0.00450000    0.00440000    0.00443000
5894.92468134    0.00421667    0.00425000    0.00415000    0.00425000
5895.05021244    0.00396000    0.00395000    0.00390000    0.00403000
5895.17574353    0.00370333    0.00365000    0.00368000    0.00378000
5895.30127462    0.00343333    0.00340000    0.00350000    0.00340000
5895.42680572    0.00328667    0.00328000    0.00340000    0.00318000
5895.55233681    0.00318667    0.00318000    0.00325000    0.00313000
5895.67786790    0.00307667    0.00313000    0.00305000    0.00305000
5895.80339900    0.00298667    0.00303000    0.00293000    0.00300000
5895.92893009    0.00288667    0.00295000    0.00278000    0.00293000
5896.05446118    0.00286333    0.00293000    0.00278000    0.00288000
5896.17999228    0.00282000    0.00288000    0.00270000    0.00288000
5896.30745462    0.00278000    0.00288000    0.00268000    0.00278000
5896.43298571    0.00277667    0.00288000    0.00265000    0.00280000
5896.55851680    0.00277000    0.00283000    0.00268000    0.00280000
5896.68404789    0.00280333    0.00288000    0.00270000    0.00283000
5896.80957899    0.00282667    0.00290000    0.00275000    0.00283000
5896.93511008    0.00283667    0.00288000    0.00275000    0.00288000
5897.06064117    0.00289333    0.00300000    0.00278000    0.00290000
5897.18617227    0.00294333    0.00300000    0.00283000    0.00300000
5897.31170336    0.00298000    0.00308000    0.00283000    0.00303000
5897.43723445    0.00299333    0.00308000    0.00290000    0.00300000
5897.56276555    0.00310333    0.00318000    0.00300000    0.00313000
5897.68829664    0.00315333    0.00325000    0.00303000    0.00318000
5897.81382773    0.00317667    0.00330000    0.00305000    0.00318000
5897.93935883    0.00318667    0.00315000    0.00313000    0.00328000
5898.06488992    0.00319333    0.00315000    0.00318000    0.00325000
5898.19042101    0.00320333    0.00315000    0.00318000    0.00328000
5898.31595211    0.00317667    0.00315000    0.00325000    0.00313000
5898.44148320    0.00318000    0.00313000    0.00328000    0.00313000
5898.56701429    0.00318000    0.00318000    0.00328000    0.00308000
5898.69254538    0.00313333    0.00315000    0.00320000    0.00305000
5898.82000772    0.00310333    0.00318000    0.00300000    0.00313000
5898.94553882    0.00307667    0.00308000    0.00300000    0.00315000
5899.07106991    0.00302000    0.00303000    0.00300000    0.00303000
5899.19660100    0.00290333    0.00283000    0.00300000    0.00288000
5899.32213210    0.00290333    0.00288000    0.00295000    0.00288000
5899.44766319    0.00280000    0.00290000    0.00270000    0.00280000
5899.57319428    0.00272000    0.00275000    0.00263000    0.00278000
5899.69872538    0.00253333    0.00250000    0.00265000    0.00245000
5899.82425647    0.00247667    0.00245000    0.00255000    0.00243000
5899.94978756    0.00239333    0.00245000    0.00230000    0.00243000
5900.07531866    0.00232000    0.00240000    0.00218000    0.00238000
5900.20084975    0.00219333    0.00225000    0.00208000    0.00225000
5900.32638084    0.00206333    0.00203000    0.00208000    0.00208000
5900.45191194    0.00187667    0.00180000    0.00200000    0.00183000
5900.57744303    0.00171333    0.00168000    0.00183000    0.00163000
5900.70297412    0.00160000    0.00155000    0.00170000    0.00155000
5900.82850521    0.00151000    0.00155000    0.00143000    0.00155000
5900.95403631    0.00144333    0.00150000    0.00130000    0.00153000
5901.07956740    0.00129333    0.00128000    0.00130000    0.00130000
5901.20509849    0.00113333    0.00105000    0.00120000    0.00115000
5901.33256083    0.00103667    0.00100000    0.00118000    0.00093000
5901.45809193    0.00095333    0.00088000    0.00105000    0.00093000
5901.58362302    0.00088667    0.00088000    0.00100000    0.00078000
5901.70915411    0.00074333    0.00078000    0.00075000    0.00070000
5901.83468521    0.00071000    0.00063000    0.00075000    0.00075000
5901.96021630    0.00058667    0.00053000    0.00068000    0.00055000
5902.08574739    0.00052667    0.00043000    0.00065000    0.00050000
5902.21127849    0.00046000    0.00040000    0.00055000    0.00043000
5902.33680958    0.00041333    0.00038000    0.00053000    0.00033000
5902.46234067    0.00037000    0.00038000    0.00043000    0.00030000
5902.58787177    0.00032667    0.00033000    0.00040000    0.00025000
5902.71340286    0.00027667    0.00030000    0.00028000    0.00025000
5902.83893395    0.00026667    0.00030000    0.00020000    0.00030000
5902.96446504    0.00024333    0.00033000    0.00015000    0.00025000
5903.08999614    0.00021333    0.00028000    0.00008000    0.00028000
5903.21552723    0.00017667    0.00025000    0.00008000    0.00020000
5903.34105832    0.00017000    0.00025000    0.00008000    0.00018000
5903.46658942    0.00012000    0.00020000    0.00008000    0.00008000
5903.59212051    0.00011333    0.00018000    0.00003000    0.00013000
5903.71765160    0.00007000    0.00018000    -0.00005000    0.00008000
5903.84511394    0.00001000    -0.00005000    0.00008000    -0.00000000
5903.97064504    0.00007667    0.00008000    0.00000000    0.00015000
5904.09617613    0.00004333    0.00013000    -0.00008000    0.00008000
5904.22170722    -0.00001000    -0.00003000    0.00008000    -0.00008000
5904.34723832    0.00005333    0.00013000    0.00000000    0.00003000
5904.47276941    0.00008333    0.00013000    -0.00003000    0.00015000
5904.59830050    -0.00003333    0.00008000    -0.00013000    -0.00005000
5904.72383160    0.00001667    0.00005000    0.00005000    -0.00005000
5904.84936269    0.00001667    0.00008000    0.00000000    -0.00003000
5904.97489378    -0.00001000    0.00005000    -0.00008000    0.00000000
5905.10042487    -0.00002667    -0.00008000    0.00008000    -0.00008000
5905.22595597    0.00006000    0.00013000    -0.00003000    0.00008000
5905.35148706    -0.00003667    0.00005000    -0.00013000    -0.00003000
5905.47701815    -0.00000667    0.00003000    0.00003000    -0.00008000
5905.60254925    0.00002667    0.00008000    -0.00008000    0.00008000
5905.72808034    0.00000667    -0.00003000    0.00013000    -0.00008000
5905.85361143    0.00003667    0.00008000    -0.00005000    0.00008000
5905.97914253    -0.00001667    0.00005000    -0.00005000    -0.00005000
5906.10467362    -0.00001667    0.00003000    0.00005000    -0.00013000
5906.23020471    0.00005333    0.00008000    -0.00005000    0.00013000
5906.35766705    -0.00003667    -0.00003000    0.00005000    -0.00013000
5906.48319815    0.00000000    0.00008000    -0.00013000    0.00005000
5906.60872924    -0.00004333    -0.00005000    0.00005000    -0.00013000
5906.73426033    0.00002667    0.00008000    -0.00005000    0.00005000
5906.85979143    -0.00000000    -0.00005000    0.00013000    -0.00008000
5906.98532252    0.00004333    0.00008000    -0.00008000    0.00013000
5907.11085361    -0.00004333    0.00000000    -0.00000000    -0.00013000
5907.23638470    0.00001667    0.00008000    -0.00008000    0.00005000
5907.36191580    -0.00002667    0.00005000    -0.00005000    -0.00008000
5907.48744689    -0.00001667    0.00003000    0.00000000    -0.00008000
5907.61297798    -0.00003333    0.00008000    -0.00013000    -0.00005000
5907.73850908    -0.00002333    0.00003000    0.00003000    -0.00013000
5907.86404017    0.00006000    0.00013000    -0.00008000    0.00013000
5907.98957126    -0.00007000    0.00000000    -0.00013000    -0.00008000
5908.11510236    -0.00000667    0.00003000    0.00000000    -0.00005000
5908.24063345    -0.00001000    0.00005000    -0.00013000    0.00005000
5908.36616454    -0.00003667    -0.00008000    0.00005000    -0.00008000
5908.49169564    0.00001000    0.00013000    -0.00015000    0.00005000
5908.61722673    -0.00001667    -0.00000000    0.00008000    -0.00013000
5908.74275782    0.00004333    0.00008000    -0.00003000    0.00008000
5908.87022016    -0.00000000    0.00005000    -0.00008000    0.00003000
5908.99575126    -0.00005333    -0.00008000    0.00005000    -0.00013000
5909.12128235    0.00000333    0.00013000    -0.00015000    0.00003000
5909.24681344    -0.00005000    -0.00008000    0.00008000    -0.00015000
5909.37234453    0.00004333    0.00008000    -0.00008000    0.00013000
5909.49787563    -0.00003667    0.00000000    -0.00008000    -0.00003000
5909.62340672    -0.00001000    0.00000000    0.00005000    -0.00008000
5909.74893781    0.00001000    0.00008000    -0.00013000    0.00008000
5909.87446891    -0.00001000    -0.00003000    0.00013000    -0.00013000
5910.00000000    0.00003333    0.00013000    -0.00008000    0.00005000
