5885.00000000    0.00001333    0.00002000    0.00001000    0.00001000
5885.12553109    0.00001000    0.00001000    0.00001000    0.00001000
5885.25106219    0.00001333    0.00001000    0.00001000    0.00002000
5885.37659328    0.00001000    0.00001000    0.00001000    0.00001000
5885.50212437    0.00001333    0.00001000    0.00001000    0.00002000
5885.62765547    0.00001333    0.00001000    0.00001000    0.00002000
5885.75318656    0.00001000    0.00001000    0.00001000    0.00001000
5885.87871765    0.00001667    0.00002000    0.00001000    0.00002000
5886.00424874    0.00001333    0.00001000    0.00001000    0.00002000
5886.12977984    0.00001000    0.00001000    0.00001000    0.00001000
5886.25724218    0.00001667    0.00002000    0.00001000    0.00002000
5886.38277327    0.00002000    0.00002000    0.00002000    0.00002000
5886.50830436    0.00002000    0.00002000    0.00002000    0.00002000
5886.63383546    0.00002000    0.00002000    0.00002000    0.00002000
5886.75936655    0.00002000    0.00002000    0.00002000    0.00002000
5886.88489764    0.00001667    0.00002000    0.00001000    0.00002000
5887.01042874    0.00002000    0.00002000    0.00002000    0.00002000
5887.13595983    0.00002000    0.00002000    0.00002000    0.00002000
5887.26149092    0.00001667    0.00002000    0.00001000    0.00002000
5887.38702202    0.00002000    0.00002000    0.00002000    0.00002000
5887.51255311    0.00002000    0.00002000    0.00002000    0.00002000
5887.63808420    0.00002000    0.00002000    0.00002000    0.00002000
5887.76361530    0.00002000    0.00002000    0.00002000    0.00002000
5887.88914639    0.00002000    0.00002000    0.00002000    0.00002000
5888.01467748    0.00002000    0.00002000    0.00002000    0.00002000
5888.14020857    0.00002000    0.00002000    0.00002000    0.00002000
5888.26573967    0.00002000    0.00002000    0.00002000    0.00002000
5888.39127076    0.00002000    0.00002000    0.00002000    0.00002000
5888.51680185    0.00002000    0.00002000    0.00002000    0.00002000
5888.64233295    0.00002333    0.00003000    0.00002000    0.00002000
5888.76979529    0.00002000    0.00002000    0.00002000    0.00002000
5888.89532638    0.00002667    0.00003000    0.00003000    0.00002000
5889.02085747    0.00002333    0.00002000    0.00002000    0.00003000
5889.14638857    0.00003000    0.00003000    0.00003000    0.00003000
5889.27191966    0.00002333    0.00002000    0.00003000    0.00002000
5889.39745075    0.00002000    0.00002000    0.00002000    0.00002000
5889.52298185    0.00003000    0.00003000    0.00003000    0.00003000
5889.64851294    0.00004000    0.00003000    0.00003000    0.00006000
5889.77404403    0.00003000    0.00003000    0.00003000    0.00003000
5889.89957513    0.00003000    0.00003000    0.00003000    0.00003000
5890.02510622    0.00005000    0.00006000    0.00006000    0.00003000
5890.15063731    0.00004000    0.00003000    0.00006000    0.00003000
5890.27616840    0.00006000    0.00006000    0.00006000    0.00006000
5890.40169950    0.00006000    0.00006000    0.00006000    0.00006000
5890.52723059    0.00006667    0.00007000    0.00007000    0.00006000
5890.65276168    0.00007667    0.00008000    0.00008000    0.00007000
5890.77829278    0.00008000    0.00008000    0.00008000    0.00008000
5890.90382387    0.00009333    0.00010000    0.00008000    0.00010000
5891.02935496    0.00012000    0.00012000    0.00012000    0.00012000
5891.15488606    0.00013000    0.00013000    0.00013000    0.00013000
5891.28234840    0.00015333    0.00015000    0.00015000    0.00016000
5891.40787949    0.00018000    0.00018000    0.00018000    0.00018000
5891.53341058    0.00020333    0.00020000    0.00020000    0.00021000
5891.65894168    0.00022000    0.00022000    0.00022000    0.00022000
5891.78447277    0.00026333    0.00026000    0.00027000    0.00026000
5891.91000386    0.00030000    0.00028000    0.00031000    0.00031000
5892.03553496    0.00032000    0.00032000    0.00032000    0.00032000
5892.16106605    0.00037000    0.00037000    0.00037000    0.00037000
5892.28659714    0.00041000    0.00041000    0.00041000    0.00041000
5892.41212823    0.00045667    0.00045000    0.00046000    0.00046000
5892.53765933    0.00051000    0.00051000    0.00051000    0.00051000
5892.66319042    0.00056333    0.00056000    0.00056000    0.00057000
5892.78872151    0.00065000    0.00065000    0.00065000    0.00065000
5892.91425261    0.00074000    0.00072000    0.00075000    0.00075000
5893.03978370    0.00081667    0.00081000    0.00082000    0.00082000
5893.16531479    0.00095333    0.00095000    0.00095000    0.00096000
5893.29084589    0.00114333    0.00113000    0.00115000    0.00115000
5893.41637698    0.00138333    0.00137000    0.00138000    0.00140000
5893.54190807    0.00164000    0.00162000    0.00165000    0.00165000
5893.66743917    0.00205333    0.00203000    0.00206000    0.00207000
5893.79490151    0.00242000    0.00240000    0.00243000    0.00243000
5893.92043260    0.00285667    0.00283000    0.00287000    0.00287000
5894.04596369    0.00315667    0.00315000    0.00316000    0.00316000
5894.17149479    0.00357333    0.00356000    0.00358000    0.00358000
5894.29702588    0.00580000    0.00571000    0.00583000    0.00586000
5894.42255697    0.00726667    0.00718000    0.00726000    0.00736000
5894.54808806    0.00872333    0.00868000    0.00873000    0.00876000
5894.67361916    0.01030333    0.01028000    0.01031000    0.01032000
5894.79915025    0.01213667    0.01208000    0.01217000    0.01216000
5894.92468134    0.01367667    0.01365000    0.01366000    0.01372000
5895.05021244    0.01496667    0.01496000    0.01496000    0.01498000
5895.17574353    0.01634000    0.01625000    0.01641000    0.01636000
5895.30127462    0.01768667    0.01762000    0.01773000    0.01771000
5895.42680572    0.01851333    0.01852000    0.01841000    0.01861000
5895.55233681    0.01892333    0.01897000    0.01887000    0.01893000
5895.67786790    0.01898667    0.01898000    0.01898000    0.01900000
5895.80339900    0.01858000    0.01867000    0.01846000    0.01861000
5895.92893009    0.01791667    0.01792000    0.01792000    0.01791000
5896.05446118    0.01691667    0.01700000    0.01683000    0.01692000
5896.17999228    0.01570000    0.01572000    0.01571000    0.01567000
5896.30745462    0.01428000    0.01440000    0.01427000    0.01417000
5896.43298571    0.01261000    0.01267000    0.01258000    0.01258000
5896.55851680    0.01106333    0.01113000    0.01103000    0.01103000
5896.68404789    0.00940667    0.00947000    0.00943000    0.00932000
5896.80957899    0.00788000    0.00792000    0.00786000    0.00786000
5896.93511008    0.00643333    0.00650000    0.00642000    0.00638000
5897.06064117    0.00522333    0.00525000    0.00525000    0.00517000
5897.18617227    0.00403333    0.00407000    0.00402000    0.00401000
5897.31170336    0.00309333    0.00312000    0.00308000    0.00308000
5897.43723445    0.00236667    0.00238000    0.00237000    0.00235000
5897.56276555    0.00180333    0.00182000    0.00181000    0.00178000
5897.68829664    0.00136333    0.00137000    0.00137000    0.00135000
5897.81382773    0.00104000    0.00107000    0.00103000    0.00102000
5897.93935883    0.00088667    0.00090000    0.00088000    0.00088000
5898.06488992    0.00077000    0.00077000    0.00077000    0.00077000
5898.19042101    0.00071333    0.00072000    0.00071000    0.00071000
5898.31595211    0.00070000    0.00070000    0.00070000    0.00070000
5898.44148320    0.00071000    0.00071000    0.00071000    0.00071000
5898.56701429    0.00075000    0.00075000    0.00075000    0.00075000
5898.69254538    0.00080000    0.00078000    0.00081000    0.00081000
5898.82000772    0.00088333    0.00087000    0.00088000    0.00090000
5898.94553882    0.00099000    0.00097000    0.00100000    0.00100000
5899.07106991    0.00114667    0.00113000    0.00116000    0.00115000
5899.19660100    0.00137000    0.00137000    0.00137000    0.00137000
5899.32213210    0.00165333    0.00165000    0.00166000    0.00165000
5899.44766319    0.00200333    0.00200000    0.00200000    0.00201000
5899.57319428    0.00245667    0.00245000    0.00246000    0.00246000
5899.69872538    0.00298333    0.00295000    0.00300000    0.00300000
5899.82425647    0.00366667    0.00362000    0.00370000    0.00368000
5899.94978756    0.00412667    0.00412000    0.00413000    0.00413000
5900.07531866    0.00454000    0.00451000    0.00455000    0.00456000
5900.20084975    0.00560000    0.00556000    0.00557000    0.00567000
5900.32638084    0.00629333    0.00623000    0.00632000    0.00633000
5900.45191194    0.00730000    0.00721000    0.00732000    0.00737000
5900.57744303    0.00836667    0.00830000    0.00837000    0.00843000
5900.70297412    0.00924000    0.00922000    0.00922000    0.00928000
5900.82850521    0.00967000    0.00963000    0.00968000    0.00970000
5900.95403631    0.01017333    0.00997000    0.01018000    0.01037000
5901.07956740    0.01177333    0.01172000    0.01178000    0.01182000
5901.20509849    0.01236000    0.01236000    0.01235000    0.01237000
5901.33256083    0.01262333    0.01258000    0.01262000    0.01267000
5901.45809193    0.01259000    0.01258000    0.01261000    0.01258000
5901.58362302    0.01235333    0.01242000    0.01231000    0.01233000
5901.70915411    0.01184000    0.01191000    0.01180000    0.01181000
5901.83468521    0.01108333    0.01112000    0.01110000    0.01103000
5901.96021630    0.01041333    0.01047000    0.01041000    0.01036000
5902.08574739    0.00933667    0.00941000    0.00932000    0.00928000
5902.21127849    0.00827333    0.00832000    0.00828000    0.00822000
5902.33680958    0.00718000    0.00726000    0.00717000    0.00711000
5902.46234067    0.00611667    0.00615000    0.00612000    0.00608000
5902.58787177    0.00503333    0.00505000    0.00500000    0.00505000
5902.71340286    0.00404667    0.00408000    0.00406000    0.00400000
5902.83893395    0.00319000    0.00322000    0.00320000    0.00315000
5902.96446504    0.00253333    0.00256000    0.00252000    0.00252000
5903.08999614    0.00190333    0.00191000    0.00190000    0.00190000
5903.21552723    0.00136000    0.00140000    0.00135000    0.00133000
5903.34105832    0.00100667    0.00101000    0.00101000    0.00100000
5903.46658942    0.00074333    0.00076000    0.00072000    0.00075000
5903.59212051    0.00053667    0.00056000    0.00053000    0.00052000
5903.71765160    0.00035667    0.00037000    0.00035000    0.00035000
5903.84511394    0.00027000    0.00027000    0.00027000    0.00027000
5903.97064504    0.00021333    0.00021000    0.00021000    0.00022000
5904.09617613    0.00018000    0.00018000    0.00018000    0.00018000
5904.22170722    0.00015333    0.00015000    0.00016000    0.00015000
5904.34723832    0.00014333    0.00015000    0.00013000    0.00015000
5904.47276941    0.00012667    0.00012000    0.00013000    0.00013000
5904.59830050    0.00012000    0.00012000    0.00012000    0.00012000
5904.72383160    0.00010667    0.00010000    0.00012000    0.00010000
5904.84936269    0.00010000    0.00010000    0.00010000    0.00010000
5904.97489378    0.00008667    0.00008000    0.00008000    0.00010000
5905.10042487    0.00008667    0.00008000    0.00010000    0.00008000
5905.22595597    0.00008000    0.00008000    0.00008000    0.00008000
5905.35148706    0.00007667    0.00008000    0.00008000    0.00007000
5905.47701815    0.00007000    0.00007000    0.00007000    0.00007000
5905.60254925    0.00007000    0.00007000    0.00007000    0.00007000
5905.72808034    0.00007000    0.00007000    0.00007000    0.00007000
5905.85361143    0.00006333    0.00007000    0.00006000    0.00006000
5905.97914253    0.00006000    0.00006000    0.00006000    0.00006000
5906.10467362    0.00006000    0.00006000    0.00006000    0.00006000
5906.23020471    0.00006000    0.00006000    0.00006000    0.00006000
5906.35766705    0.00006000    0.00006000    0.00006000    0.00006000
5906.48319815    0.00005000    0.00003000    0.00006000    0.00006000
5906.60872924    0.00006000    0.00006000    0.00006000    0.00006000
5906.73426033    0.00005000    0.00006000    0.00006000    0.00003000
5906.85979143    0.00003000    0.00003000    0.00003000    0.00003000
5906.98532252    0.00003000    0.00003000    0.00003000    0.00003000
5907.11085361    0.00004000    0.00006000    0.00003000    0.00003000
5907.23638470    0.00003000    0.00003000    0.00003000    0.00003000
5907.36191580    0.00003000    0.00003000    0.00003000    0.00003000
5907.48744689    0.00002333    0.00003000    0.00002000    0.00002000
5907.61297798    0.00002667    0.00003000    0.00003000    0.00002000
5907.73850908    0.00003000    0.00003000    0.00003000    0.00003000
5907.86404017    0.00002667    0.00003000    0.00002000    0.00003000
5907.98957126    0.00002667    0.00002000    0.00003000    0.00003000
5908.11510236    0.00002000    0.00002000    0.00002000    0.00002000
5908.24063345    0.00002333    0.00002000    0.00002000    0.00003000
5908.36616454    0.00002000    0.00002000    0.00002000    0.00002000
5908.49169564    0.00002000    0.00002000    0.00002000    0.00002000
5908.61722673    0.00002000    0.00002000    0.00002000    0.00002000
5908.74275782    0.00002000    0.00002000    0.00002000    0.00002000
5908.87022016    0.00002000    0.00002000    0.00002000    0.00002000
5908.99575126    0.00002000    0.00002000    0.00002000    0.00002000
5909.12128235    0.00002000    0.00002000    0.00002000    0.00002000
5909.24681344    0.00002000    0.00002000    0.00002000    0.00002000
5909.37234453    0.00001667    0.00002000    0.00001000    0.00002000
5909.49787563    0.00002000    0.00002000    0.00002000    0.00002000
5909.62340672    0.00002000    0.00002000    0.00002000    0.00002000
5909.74893781    0.00002000    0.00002000    0.00002000    0.00002000
5909.87446891    0.00001667    0.00002000    0.00002000    0.00001000
5910.00000000    0.00002000    0.00002000    0.00002000    0.00002000
