5885.00000000    0.00001000    0.00001000    0.00001000    0.00001000
5885.12553109    0.00001000    0.00001000    0.00001000    0.00001000
5885.25106219    0.00001333    0.00001000    0.00002000    0.00001000
5885.37659328    0.00001667    0.00002000    0.00002000    0.00001000
5885.50212437    0.00001667    0.00002000    0.00002000    0.00001000
5885.62765547    0.00001667    0.00002000    0.00002000    0.00001000
5885.75318656    0.00001667    0.00002000    0.00002000    0.00001000
5885.87871765    0.00001667    0.00002000    0.00001000    0.00002000
5886.00424874    0.00002000    0.00002000    0.00002000    0.00002000
5886.12977984    0.00002000    0.00002000    0.00002000    0.00002000
5886.25724218    0.00001667    0.00002000    0.00001000    0.00002000
5886.38277327    0.00001667    0.00002000    0.00001000    0.00002000
5886.50830436    0.00002000    0.00002000    0.00002000    0.00002000
5886.63383546    0.00002000    0.00002000    0.00002000    0.00002000
5886.75936655    0.00002000    0.00002000    0.00002000    0.00002000
5886.88489764    0.00002000    0.00002000    0.00002000    0.00002000
5887.01042874    0.00002000    0.00002000    0.00002000    0.00002000
5887.13595983    0.00002000    0.00002000    0.00002000    0.00002000
5887.26149092    0.00002000    0.00002000    0.00002000    0.00002000
5887.38702202    0.00002000    0.00002000    0.00002000    0.00002000
5887.51255311    0.00002000    0.00002000    0.00002000    0.00002000
5887.63808420    0.00002000    0.00002000    0.00002000    0.00002000
5887.76361530    0.00002000    0.00002000    0.00002000    0.00002000
5887.88914639    0.00002000    0.00002000    0.00002000    0.00002000
5888.01467748    0.00002333    0.00002000    0.00002000    0.00003000
5888.14020857    0.00002000    0.00002000    0.00002000    0.00002000
5888.26573967    0.00002667    0.00002000    0.00003000    0.00003000
5888.39127076    0.00002667    0.00003000    0.00002000    0.00003000
5888.51680185    0.00003000    0.00003000    0.00003000    0.00003000
5888.64233295    0.00004000    0.00003000    0.00006000    0.00003000
5888.76979529    0.00004000    0.00003000    0.00006000    0.00003000
5888.89532638    0.00004000    0.00003000    0.00003000    0.00006000
5889.02085747    0.00006000    0.00006000    0.00006000    0.00006000
5889.14638857    0.00006000    0.00006000    0.00006000    0.00006000
5889.27191966    0.00006000    0.00006000    0.00006000    0.00006000
5889.39745075    0.00006667    0.00006000    0.00007000    0.00007000
5889.52298185    0.00007333    0.00008000    0.00007000    0.00007000
5889.64851294    0.00008667    0.00008000    0.00010000    0.00008000
5889.77404403    0.00011333    0.00012000    0.00012000    0.00010000
5889.89957513    0.00012333    0.00012000    0.00013000    0.00012000
5890.02510622    0.00014333    0.00013000    0.00015000    0.00015000
5890.15063731    0.00016667    0.00016000    0.00018000    0.00016000
5890.27616840    0.00019333    0.00020000    0.00020000    0.00018000
5890.40169950    0.00021000    0.00021000    0.00021000    0.00021000
5890.52723059    0.00023000    0.00022000    0.00025000    0.00022000
5890.65276168    0.00027000    0.00027000    0.00027000    0.00027000
5890.77829278    0.00031000    0.00031000    0.00031000    0.00031000
5890.90382387    0.00033000    0.00033000    0.00033000    0.00033000
5891.02935496    0.00037667    0.00038000    0.00037000    0.00038000
5891.15488606    0.00041667    0.00041000    0.00041000    0.00043000
5891.28234840    0.00047000    0.00047000    0.00047000    0.00047000
5891.40787949    0.00052667    0.00053000    0.00053000    0.00052000
5891.53341058    0.00060000    0.00060000    0.00060000    0.00060000
5891.65894168    0.00068000    0.00068000    0.00068000    0.00068000
5891.78447277    0.00077333    0.00077000    0.00077000    0.00078000
5891.91000386    0.00090000    0.00090000    0.00090000    0.00090000
5892.03553496    0.00102333    0.00102000    0.00102000    0.00103000
5892.16106605    0.00124000    0.00122000    0.00125000    0.00125000
5892.28659714    0.00150667    0.00150000    0.00151000    0.00151000
5892.41212823    0.00186667    0.00185000    0.00187000    0.00188000
5892.53765933    0.00228333    0.00226000    0.00228000    0.00231000
5892.66319042    0.00276000    0.00275000    0.00276000    0.00277000
5892.78872151    0.00340000    0.00337000    0.00340000    0.00343000
5892.91425261    0.00443667    0.00438000    0.00445000    0.00448000
5893.03978370    0.00511667    0.00507000    0.00513000    0.00515000
5893.16531479    0.00599667    0.00593000    0.00601000    0.00605000
5893.29084589    0.00685667    0.00676000    0.00688000    0.00693000
5893.41637698    0.00932667    0.00928000    0.00932000    0.00938000
5893.54190807    0.01094667    0.01087000    0.01100000    0.01097000
5893.66743917    0.01261000    0.01250000    0.01266000    0.01267000
5893.79490151    0.01425667    0.01412000    0.01425000    0.01440000
5893.92043260    0.01553667    0.01543000    0.01562000    0.01556000
5894.04596369    0.01670000    0.01665000    0.01673000    0.01672000
5894.17149479    0.01767333    0.01767000    0.01768000    0.01767000
5894.29702588    0.01823000    0.01811000    0.01828000    0.01830000
5894.42255697    0.01848667    0.01848000    0.01852000    0.01846000
5894.54808806    0.01828333    0.01827000    0.01827000    0.01831000
5894.67361916    0.01775333    0.01781000    0.01772000    0.01773000
5894.79915025    0.01676333    0.01683000    0.01680000    0.01666000
5894.92468134    0.01564000    0.01566000    0.01568000    0.01558000
5895.05021244    0.01433000    0.01442000    0.01430000    0.01427000
5895.17574353    0.01282000    0.01285000    0.01283000    0.01278000
5895.30127462    0.01121667    0.01126000    0.01123000    0.01116000
5895.42680572    0.00963333    0.00968000    0.00966000    0.00956000
5895.55233681    0.00813333    0.00818000    0.00812000    0.00810000
5895.67786790    0.00672667    0.00681000    0.00670000    0.00667000
5895.80339900    0.00542667    0.00548000    0.00542000    0.00538000
5895.92893009    0.00427667    0.00432000    0.00426000    0.00425000
5896.05446118    0.00341000    0.00346000    0.00340000    0.00337000
5896.17999228    0.00257000    0.00262000    0.00256000    0.00253000
5896.30745462    0.00190333    0.00191000    0.00190000    0.00190000
5896.43298571    0.00144667    0.00146000    0.00145000    0.00143000
5896.55851680    0.00113000    0.00115000    0.00112000    0.00112000
5896.68404789    0.00090333    0.00091000    0.00090000    0.00090000
5896.80957899    0.00077000    0.00077000    0.00077000    0.00077000
5896.93511008    0.00071000    0.00071000    0.00071000    0.00071000
5897.06064117    0.00068000    0.00068000    0.00068000    0.00068000
5897.18617227    0.00067333    0.00066000    0.00068000    0.00068000
5897.31170336    0.00070333    0.00071000    0.00070000    0.00070000
5897.43723445    0.00075000    0.00075000    0.00075000    0.00075000
5897.56276555    0.00081000    0.00081000    0.00081000    0.00081000
5897.68829664    0.00090667    0.00090000    0.00091000    0.00091000
5897.81382773    0.00105000    0.00103000    0.00106000    0.00106000
5897.93935883    0.00121333    0.00121000    0.00121000    0.00122000
5898.06488992    0.00145667    0.00145000    0.00146000    0.00146000
5898.19042101    0.00177667    0.00177000    0.00178000    0.00178000
5898.31595211    0.00220000    0.00218000    0.00221000    0.00221000
5898.44148320    0.00267667    0.00265000    0.00268000    0.00270000
5898.56701429    0.00322333    0.00320000    0.00322000    0.00325000
5898.69254538    0.00394333    0.00388000    0.00395000    0.00400000
5898.82000772    0.00441667    0.00438000    0.00442000    0.00445000
5898.94553882    0.00485000    0.00480000    0.00483000    0.00492000
5899.07106991    0.00597667    0.00595000    0.00598000    0.00600000
5899.19660100    0.00656667    0.00651000    0.00657000    0.00662000
5899.32213210    0.00759000    0.00748000    0.00762000    0.00767000
5899.44766319    0.00854667    0.00843000    0.00860000    0.00861000
5899.57319428    0.00933000    0.00931000    0.00931000    0.00937000
5899.69872538    0.00971000    0.00972000    0.00968000    0.00973000
5899.82425647    0.01078333    0.01037000    0.01093000    0.01105000
5899.94978756    0.01165333    0.01162000    0.01166000    0.01168000
5900.07531866    0.01200667    0.01202000    0.01198000    0.01202000
5900.20084975    0.01206667    0.01205000    0.01205000    0.01210000
5900.32638084    0.01186667    0.01192000    0.01186000    0.01182000
5900.45191194    0.01148667    0.01148000    0.01155000    0.01143000
5900.57744303    0.01089000    0.01088000    0.01093000    0.01086000
5900.70297412    0.01012333    0.01013000    0.01013000    0.01011000
5900.82850521    0.00936000    0.00941000    0.00935000    0.00932000
5900.95403631    0.00825667    0.00832000    0.00825000    0.00820000
5901.07956740    0.00731000    0.00731000    0.00736000    0.00726000
5901.20509849    0.00620333    0.00623000    0.00621000    0.00617000
5901.33256083    0.00512000    0.00517000    0.00512000    0.00507000
5901.45809193    0.00416333    0.00418000    0.00418000    0.00413000
5901.58362302    0.00336000    0.00338000    0.00337000    0.00333000
5901.70915411    0.00255333    0.00258000    0.00256000    0.00252000
5901.83468521    0.00194000    0.00195000    0.00196000    0.00191000
5901.96021630    0.00149000    0.00150000    0.00150000    0.00147000
5902.08574739    0.00104000    0.00106000    0.00103000    0.00103000
5902.21127849    0.00075333    0.00076000    0.00075000    0.00075000
5902.33680958    0.00055000    0.00056000    0.00053000    0.00056000
5902.46234067    0.00041667    0.00043000    0.00041000    0.00041000
5902.58787177    0.00029000    0.00031000    0.00028000    0.00028000
5902.71340286    0.00021333    0.00021000    0.00022000    0.00021000
5902.83893395    0.00018000    0.00018000    0.00018000    0.00018000
5902.96446504    0.00015000    0.00015000    0.00015000    0.00015000
5903.08999614    0.00013667    0.00015000    0.00013000    0.00013000
5903.21552723    0.00012000    0.00012000    0.00012000    0.00012000
5903.34105832    0.00012000    0.00012000    0.00012000    0.00012000
5903.46658942    0.00010667    0.00010000    0.00010000    0.00012000
5903.59212051    0.00010000    0.00010000    0.00010000    0.00010000
5903.71765160    0.00008000    0.00008000    0.00008000    0.00008000
5903.84511394    0.00008000    0.00008000    0.00008000    0.00008000
5903.97064504    0.00007667    0.00008000    0.00007000    0.00008000
5904.09617613    0.00008000    0.00008000    0.00008000    0.00008000
5904.22170722    0.00007000    0.00007000    0.00007000    0.00007000
5904.34723832    0.00007000    0.00007000    0.00007000    0.00007000
5904.47276941    0.00006333    0.00007000    0.00006000    0.00006000
5904.59830050    0.00006333    0.00006000    0.00007000    0.00006000
5904.72383160    0.00006000    0.00006000    0.00006000    0.00006000
5904.84936269    0.00006000    0.00006000    0.00006000    0.00006000
5904.97489378    0.00006000    0.00006000    0.00006000    0.00006000
5905.10042487    0.00005000    0.00006000    0.00003000    0.00006000
5905.22595597    0.00005000    0.00006000    0.00006000    0.00003000
5905.35148706    0.00004000    0.00006000    0.00003000    0.00003000
5905.47701815    0.00004000    0.00006000    0.00003000    0.00003000
5905.60254925    0.00003000    0.00003000    0.00003000    0.00003000
5905.72808034    0.00003000    0.00003000    0.00003000    0.00003000
5905.85361143    0.00003000    0.00003000    0.00003000    0.00003000
5905.97914253    0.00002667    0.00003000    0.00002000    0.00003000
5906.10467362    0.00002667    0.00003000    0.00002000    0.00003000
5906.23020471    0.00002333    0.00002000    0.00002000    0.00003000
5906.35766705    0.00002000    0.00002000    0.00002000    0.00002000
5906.48319815    0.00002333    0.00002000    0.00003000    0.00002000
5906.60872924    0.00002333    0.00003000    0.00002000    0.00002000
5906.73426033    0.00002000    0.00002000    0.00002000    0.00002000
5906.85979143    0.00002000    0.00002000    0.00002000    0.00002000
5906.98532252    0.00002333    0.00003000    0.00002000    0.00002000
5907.11085361    0.00002000    0.00002000    0.00002000    0.00002000
5907.23638470    0.00002000    0.00002000    0.00002000    0.00002000
5907.36191580    0.00002000    0.00002000    0.00002000    0.00002000
5907.48744689    0.00002000    0.00002000    0.00002000    0.00002000
5907.61297798    0.00002000    0.00002000    0.00002000    0.00002000
5907.73850908    0.00002000    0.00002000    0.00002000    0.00002000
5907.86404017    0.00002000    0.00002000    0.00002000    0.00002000
5907.98957126    0.00002000    0.00002000    0.00002000    0.00002000
5908.11510236    0.00001667    0.00001000    0.00002000    0.00002000
5908.24063345    0.00002000    0.00002000    0.00002000    0.00002000
5908.36616454    0.00001667    0.00001000    0.00002000    0.00002000
5908.49169564    0.00002000    0.00002000    0.00002000    0.00002000
5908.61722673    0.00002000    0.00002000    0.00002000    0.00002000
5908.74275782    0.00002000    0.00002000    0.00002000    0.00002000
5908.87022016    0.00002000    0.00002000    0.00002000    0.00002000
5908.99575126    0.00002000    0.00002000    0.00002000    0.00002000
5909.12128235    0.00001667    0.00001000    0.00002000    0.00002000
5909.24681344    0.00001667    0.00001000    0.00002000    0.00002000
5909.37234453    0.00001667    0.00002000    0.00002000    0.00001000
5909.49787563    0.00001333    0.00002000    0.00001000    0.00001000
5909.62340672    0.00001333    0.00002000    0.00001000    0.00001000
5909.74893781    0.00001333    0.00001000    0.00001000    0.00002000
5909.87446891    0.00001333    0.00001000    0.00001000    0.00002000
5910.00000000    0.00002000    0.00002000    0.00002000    0.00002000
