5870.00000000    -0.00000450    0.00001200    -0.00002100
5870.50598687    0.00000350    0.00001300    -0.00000600
5871.01004249    0.00001100    0.00001600    0.00000600
5871.51602935    0.00001250    0.00001800    0.00000700
5872.02008497    -0.00002000    -0.00001200    -0.00002800
5872.52607184    -0.00000450    -0.00000700    -0.00000200
5873.03012746    -0.00002650    -0.00002100    -0.00003200
5873.53611433    -0.00000050    -0.00002800    0.00002700
5874.04016995    -0.00001550    -0.00001800    -0.00001300
5874.54615682    0.00000550    0.00001800    -0.00000700
5875.05021244    0.00000450    0.00000200    0.00000700
5875.55619930    -0.00000200    0.00000200    -0.00000600
5876.06025492    -0.00000600    0.00002000    -0.00003200
5876.56624179    0.00000950    -0.00000200    0.00002100
5877.07029741    -0.00002250    -0.00003500    -0.00001000
5877.57628428    0.00000200    0.00002500    -0.00002100
5878.08033990    0.00000150    -0.00001500    0.00001800
5878.58632677    0.00001800    0.00003300    0.00000300
5879.09038239    -0.00000150    -0.00001500    0.00001200
5879.59636925    -0.00000800    -0.00000600    -0.00001000
5880.10042487    -0.00000800    -0.00002200    0.00000600
5880.60641174    -0.00000500    -0.00000700    -0.00000300
5881.11046736    0.00000000    0.00000100    -0.00000100
5881.61645423    -0.00000350    -0.00002000    0.00001300
5882.12050985    0.00001300    0.00000100    0.00002500
5882.62649672    0.00000550    0.00001300    -0.00000200
5883.13055234    0.00000200    0.00001200    -0.00000800
5883.63653920    0.00003950    0.00002100    0.00005800
5884.14059482    0.00004500    0.00007500    0.00001500
5884.64658169    0.00004400    0.00003800    0.00005000
5885.15063731    0.00012150    0.00011800    0.00012500
5885.65662418    0.00021550    0.00020600    0.00022500
5886.16067980    0.00028700    0.00027800    0.00029600
5886.66666667    0.00044950    0.00043600    0.00046300
5887.17265353    0.00058350    0.00058600    0.00058100
5887.67670915    0.00070650    0.00074500    0.00066800
5888.18269602    0.00073100    0.00073200    0.00073000
5888.68675164    0.00086850    0.00086200    0.00087500
5889.19273851    0.00102350    0.00102500    0.00102200
5889.69679413    0.00122550    0.00122300    0.00122800
5890.20278100    0.00140900    0.00142500    0.00139300
5890.70683662    0.00128100    0.00131000    0.00125200
5891.21282348    0.00141800    0.00137800    0.00145800
5891.71687910    0.00166600    0.00167700    0.00165500
5892.22286597    0.00145450    0.00146100    0.00144800
5892.72692159    0.00165000    0.00162300    0.00167700
5893.23290846    0.00178000    0.00185200    0.00170800
5893.73696408    0.00148850    0.00148600    0.00149100
5894.24295095    0.00156450    0.00153700    0.00159200
5894.74700657    0.00165750    0.00163500    0.00168000
5895.25299343    0.00168350    0.00168700    0.00168000
5895.75704905    0.00166850    0.00164100    0.00169600
5896.26303592    0.00163300    0.00164800    0.00161800
5896.76709154    0.00162800    0.00160800    0.00164800
5897.27307841    0.00156350    0.00156500    0.00156200
5897.77713403    0.00141350    0.00142200    0.00140500
5898.28312090    0.00123900    0.00128500    0.00119300
5898.78717652    0.00105400    0.00106700    0.00104100
5899.29316338    0.00112250    0.00107800    0.00116700
5899.79721900    0.00110450    0.00114700    0.00106200
5900.30320587    0.00091000    0.00092200    0.00089800
5900.80726149    0.00079400    0.00081100    0.00077700
5901.31324836    0.00066850    0.00069500    0.00064200
5901.81730398    0.00057400    0.00058700    0.00056100
5902.32329085    0.00053150    0.00053000    0.00053300
5902.82734647    0.00045400    0.00045100    0.00045700
5903.33333333    0.00039100    0.00039100    0.00039100
5903.83932020    0.00038300    0.00037000    0.00039600
5904.34337582    0.00041500    0.00041300    0.00041700
5904.84936269    0.00030900    0.00030600    0.00031200
5905.35341831    0.00023650    0.00022600    0.00024700
5905.85940518    0.00022000    0.00021300    0.00022700
5906.36346080    0.00015150    0.00016600    0.00013700
5906.86944766    0.00013850    0.00013700    0.00014000
5907.37350328    0.00009200    0.00011200    0.00007200
5907.87949015    0.00005700    0.00005200    0.00006200
5908.38354577    0.00001750    0.00002700    0.00000800
5908.88953264    0.00002650    0.00003300    0.00002000
5909.39358826    0.00001050    -0.00000700    0.00002800
5909.89957513    0.00000950    0.00001800    0.00000100
5910.40363075    0.00000150    -0.00001000    0.00001300
5910.90961761    -0.00000900    -0.00000300    -0.00001500
5911.41367323    0.00000100    0.00000300    -0.00000100
5911.91966010    0.00001150    0.00000200    0.00002100
5912.42371572    0.00001150    0.00002100    0.00000200
5912.92970259    0.00001950    0.00002700    0.00001200
5913.43375821    0.00000600    0.00002200    -0.00001000
5913.93974508    0.00000650    0.00000300    0.00001000
5914.44380070    -0.00001750    -0.00001000    -0.00002500
5914.94978756    -0.00001500    -0.00002700    -0.00000300
5915.45384318    -0.00000600    -0.00002800    0.00001600
5915.95983005    -0.00000200    -0.00001600    0.00001200
5916.46388567    0.00000100    0.00000000    0.00000200
5916.96987254    0.00000150    0.00000300    0.00000000
5917.47392816    0.00000550    0.00001200    -0.00000100
5917.97991503    0.00000500    0.00000800    0.00000200
5918.48397065    -0.00001400    -0.00000700    -0.00002100
5918.98995751    0.00000400    -0.00000700    0.00001500
5919.49401313    0.00001400    0.00001000    0.00001800
5920.00000000    0.00000250    -0.00001000    0.00001500
