5870.00000000    0.00000600    0.00001500    -0.00000300
5870.25106219    0.00000125    -0.00001050    0.00001300
5870.50212437    -0.00002100    -0.00001400    -0.00002800
5870.75318656    -0.00000125    0.00000050    -0.00000300
5871.00424874    0.00000100    -0.00001850    0.00002050
5871.25724218    -0.00000625    -0.00001600    0.00000350
5871.50830436    0.00000550    0.00000500    0.00000600
5871.75936655    0.00001475    0.00002350    0.00000600
5872.01042874    -0.00001100    -0.00002550    0.00000350
5872.26149092    0.00001175    0.00003500    -0.00001150
5872.51255311    -0.00000525    -0.00002600    0.00001550
5872.76361530    -0.00001725    -0.00000900    -0.00002550
5873.01467748    0.00000200    0.00001050    -0.00000650
5873.26573967    -0.00000475    -0.00002750    0.00001800
5873.51680185    0.00001075    0.00002550    -0.00000400
5873.76979529    0.00000825    -0.00000150    0.00001800
5874.02085747    0.00002075    0.00002250    0.00001900
5874.27191966    0.00001325    0.00000500    0.00002150
5874.52298185    -0.00000375    -0.00000650    -0.00000100
5874.77404403    0.00000850    -0.00000100    0.00001800
5875.02510622    0.00001200    -0.00000100    0.00002500
5875.27616840    -0.00000825    0.00000750    -0.00002400
5875.52723059    0.00000475    -0.00000650    0.00001600
5875.77829278    -0.00001300    -0.00000500    -0.00002100
5876.02935496    -0.00000600    0.00000800    -0.00002000
5876.28234840    0.00001250    0.00001500    0.00001000
5876.53341058    0.00000625    -0.00000800    0.00002050
5876.78447277    -0.00001850    -0.00001550    -0.00002150
5877.03553496    -0.00000175    0.00000300    -0.00000650
5877.28659714    0.00002125    0.00002250    0.00002000
5877.53765933    0.00000450    0.00001050    -0.00000150
5877.78872151    -0.00000175    -0.00001400    0.00001050
5878.03978370    0.00001775    -0.00000250    0.00003800
5878.29084589    -0.00000475    -0.00000600    -0.00000350
5878.54190807    0.00000900    -0.00000300    0.00002100
5878.79490151    0.00000150    0.00000250    0.00000050
5879.04596369    0.00000175    -0.00000500    0.00000850
5879.29702588    -0.00001575    -0.00002150    -0.00001000
5879.54808806    0.00002425    0.00001250    0.00003600
5879.79915025    0.00000750    0.00000650    0.00000850
5880.05021244    -0.00000050    0.00000300    -0.00000400
5880.30127462    -0.00000625    -0.00001650    0.00000400
5880.55233681    -0.00001150    -0.00000750    -0.00001550
5880.80339900    -0.00000175    0.00000150    -0.00000500
5881.05446118    -0.00001875    -0.00002400    -0.00001350
5881.30745462    -0.00001075    -0.00002400    0.00000250
5881.55851680    0.00001575    0.00001850    0.00001300
5881.80957899    0.00001950    0.00001400    0.00002500
5882.06064117    -0.00000225    -0.00001850    0.00001400
5882.31170336    0.00000175    0.00001400    -0.00001050
5882.56276555    -0.00000450    0.00001350    -0.00002250
5882.81382773    0.00000775    0.00002100    -0.00000550
5883.06488992    0.00000675    0.00002350    -0.00001000
5883.31595211    0.00001625    -0.00000250    0.00003500
5883.56701429    0.00000675    0.00002100    -0.00000750
5883.82000772    -0.00000475    -0.00000150    -0.00000800
5884.07106991    0.00002525    0.00003300    0.00001750
5884.32213210    0.00001450    0.00000900    0.00002000
5884.57319428    -0.00000950    -0.00001250    -0.00000650
5884.82425647    0.00000075    0.00001550    -0.00001400
5885.07531866    -0.00000800    -0.00002000    0.00000400
5885.32638084    0.00001550    0.00000350    0.00002750
5885.57744303    0.00000275    0.00000150    0.00000400
5885.82850521    0.00001475    0.00003500    -0.00000550
5886.07956740    0.00000325    -0.00000100    0.00000750
5886.33256083    0.00000425    0.00001500    -0.00000650
5886.58362302    0.00001125    0.00001150    0.00001100
5886.83468521    0.00001050    0.00000300    0.00001800
5887.08574739    0.00001000    0.00001750    0.00000250
5887.33680958    0.00000500    0.00000000    0.00001000
5887.58787177    0.00003025    0.00003400    0.00002650
5887.83893395    0.00001900    0.00000800    0.00003000
5888.08999614    -0.00000725    -0.00000850    -0.00000600
5888.34105832    0.00001225    -0.00000350    0.00002800
5888.59212051    -0.00000250    -0.00000650    0.00000150
5888.84511394    0.00002750    0.00003150    0.00002350
5889.09617613    0.00001375    0.00001750    0.00001000
5889.34723832    0.00002325    0.00001800    0.00002850
5889.59830050    0.00003025    0.00004300    0.00001750
5889.84936269    0.00003175    0.00005600    0.00000750
5890.10042487    0.00005575    0.00005100    0.00006050
5890.35148706    0.00008775    0.00008800    0.00008750
5890.60254925    0.00013100    0.00012050    0.00014150
5890.85361143    0.00023475    0.00025200    0.00021750
5891.10467362    0.00033425    0.00031700    0.00035150
5891.35766705    0.00047300    0.00049100    0.00045500
5891.60872924    0.00053225    0.00049950    0.00056500
5891.85979143    0.00087175    0.00085150    0.00089200
5892.11085361    0.00109750    0.00114200    0.00105300
5892.36191580    0.00111850    0.00106500    0.00117200
5892.61297798    0.00154525    0.00153200    0.00155850
5892.86404017    0.00179875    0.00181150    0.00178600
5893.11510236    0.00167225    0.00164600    0.00169850
5893.36616454    0.00205950    0.00202550    0.00209350
5893.61722673    0.00191400    0.00204300    0.00178500
5893.87022016    0.00207400    0.00207050    0.00207750
5894.12128235    0.00196675    0.00213350    0.00180000
5894.37234453    0.00190325    0.00187600    0.00193050
5894.62340672    0.00182425    0.00195400    0.00169450
5894.87446891    0.00160750    0.00154850    0.00166650
5895.12553109    0.00142725    0.00159850    0.00125600
5895.37659328    0.00131725    0.00126750    0.00136700
5895.62765547    0.00099950    0.00100650    0.00099250
5895.87871765    0.00102275    0.00098750    0.00105800
5896.12977984    0.00072550    0.00076350    0.00068750
5896.38277327    0.00077025    0.00074000    0.00080050
5896.63383546    0.00055850    0.00053950    0.00057750
5896.88489764    0.00062950    0.00064450    0.00061450
5897.13595983    0.00060425    0.00056850    0.00064000
5897.38702202    0.00057875    0.00058250    0.00057500
5897.63808420    0.00072825    0.00074950    0.00070700
5897.88914639    0.00079450    0.00077750    0.00081150
5898.14020857    0.00078175    0.00074500    0.00081850
5898.39127076    0.00094250    0.00102900    0.00085600
5898.64233295    0.00104025    0.00102000    0.00106050
5898.89532638    0.00096525    0.00091300    0.00101750
5899.14638857    0.00112400    0.00117800    0.00107000
5899.39745075    0.00108550    0.00105150    0.00111950
5899.64851294    0.00114350    0.00119600    0.00109100
5899.89957513    0.00097175    0.00095700    0.00098650
5900.15063731    0.00104550    0.00103750    0.00105350
5900.40169950    0.00098225    0.00105550    0.00090900
5900.65276168    0.00076350    0.00074350    0.00078350
5900.90382387    0.00078700    0.00075950    0.00081450
5901.15488606    0.00064525    0.00068600    0.00060450
5901.40787949    0.00056675    0.00055100    0.00058250
5901.65894168    0.00039550    0.00039450    0.00039650
5901.91000386    0.00038850    0.00038300    0.00039400
5902.16106605    0.00029325    0.00029050    0.00029600
5902.41212823    0.00025100    0.00026750    0.00023450
5902.66319042    0.00015650    0.00014750    0.00016550
5902.91425261    0.00016050    0.00014000    0.00018100
5903.16531479    0.00011250    0.00011350    0.00011150
5903.41637698    0.00010050    0.00011100    0.00009000
5903.66743917    0.00007650    0.00007800    0.00007500
5903.92043260    0.00005050    0.00005250    0.00004850
5904.17149479    0.00004950    0.00004550    0.00005350
5904.42255697    0.00003875    0.00005150    0.00002600
5904.67361916    0.00005575    0.00005350    0.00005800
5904.92468134    0.00004200    0.00004600    0.00003800
5905.17574353    0.00000450    0.00001650    -0.00000750
5905.42680572    0.00001675    0.00002350    0.00001000
5905.67786790    0.00002400    0.00002050    0.00002750
5905.92893009    -0.00000375    -0.00001600    0.00000850
5906.17999228    0.00000850    -0.00000300    0.00002000
5906.43298571    0.00000250    0.00001150    -0.00000650
5906.68404789    0.00001550    0.00000750    0.00002350
5906.93511008    0.00000150    -0.00001350    0.00001650
5907.18617227    0.00000925    -0.00000650    0.00002500
5907.43723445    0.00001275    0.00001300    0.00001250
5907.68829664    0.00000625    -0.00000350    0.00001600
5907.93935883    0.00000050    -0.00000900    0.00001000
5908.19042101    0.00001725    0.00002100    0.00001350
5908.44148320    0.00000550    0.00000550    0.00000550
5908.69254538    0.00001600    0.00001300    0.00001900
5908.94553882    0.00001850    0.00001600    0.00002100
5909.19660100    0.00001050    0.00002900    -0.00000800
5909.44766319    -0.00000250    -0.00002500    0.00002000
5909.69872538    0.00000750    0.00003350    -0.00001850
5909.94978756    0.00000325    0.00001400    -0.00000750
5910.20084975    0.00000425    0.00001100    -0.00000250
5910.45191194    0.00000175    0.00002600    -0.00002250
5910.70297412    0.00000600    0.00000300    0.00000900
5910.95403631    0.00001150    0.00002350    -0.00000050
5911.20509849    -0.00001075    -0.00002050    -0.00000100
5911.45809193    0.00001325    0.00001850    0.00000800
5911.70915411    0.00000150    -0.00000750    0.00001050
5911.96021630    0.00003025    0.00003150    0.00002900
5912.21127849    -0.00000550    -0.00000600    -0.00000500
5912.46234067    0.00000450    -0.00001100    0.00002000
5912.71340286    0.00002375    0.00001000    0.00003750
5912.96446504    -0.00000425    -0.00000600    -0.00000250
5913.21552723    -0.00000125    0.00001750    -0.00002000
5913.46658942    0.00000850    0.00001350    0.00000350
5913.71765160    0.00000250    -0.00000250    0.00000750
5913.97064504    -0.00000250    -0.00002100    0.00001600
5914.22170722    0.00002650    0.00003400    0.00001900
5914.47276941    -0.00000250    -0.00001850    0.00001350
5914.72383160    -0.00000950    -0.00000250    -0.00001650
5914.97489378    0.00000725    0.00003550    -0.00002100
5915.22595597    0.00000800    -0.00000400    0.00002000
5915.47701815    0.00001175    -0.00000500    0.00002850
5915.72808034    -0.00001425    -0.00002800    -0.00000050
5915.97914253    0.00001250    -0.00000800    0.00003300
5916.23020471    0.00000100    -0.00001900    0.00002100
5916.48319815    -0.00000750    0.00000550    -0.00002050
5916.73426033    -0.00000300    0.00000050    -0.00000650
5916.98532252    0.00000325    -0.00000400    0.00001050
5917.23638470    0.00001750    0.00001400    0.00002100
5917.48744689    -0.00000325    -0.00002150    0.00001500
5917.73850908    0.00000050    0.00000050    0.00000050
5917.98957126    0.00001875    0.00000650    0.00003100
5918.24063345    0.00000475    0.00002500    -0.00001550
5918.49169564    0.00000325    -0.00001650    0.00002300
5918.74275782    -0.00000500    -0.00001600    0.00000600
5918.99575126    0.00001500    0.00001500    0.00001500
5919.24681344    0.00000100    0.00000250    -0.00000050
5919.49787563    0.00001175    0.00002250    0.00000100
5919.74893781    -0.00001525    -0.00000300    -0.00002750
5920.00000000    0.00001150    0.00000500    0.00001800
