5885.00000000    0.00004980    0.00007000    0.00005300    0.00001800    0.00006500    0.00004300
5885.12553109    0.00006260    0.00007000    0.00007000    0.00006500    0.00003300    0.00007500
5885.25106219    0.00006960    0.00005000    0.00009000    0.00005800    0.00007500    0.00007500
5885.37659328    0.00006060    0.00004500    0.00004500    0.00005500    0.00006300    0.00009500
5885.50212437    0.00004860    0.00005500    0.00004000    0.00005500    0.00005000    0.00004300
5885.62765547    0.00007040    0.00006800    0.00008800    0.00005500    0.00005800    0.00008300
5885.75318656    0.00006620    0.00004000    0.00007800    0.00005000    0.00008000    0.00008300
5885.87871765    0.00006280    0.00005500    0.00006500    0.00003800    0.00009300    0.00006300
5886.00424874    0.00007020    0.00008300    0.00007500    0.00006500    0.00007500    0.00005300
5886.12977984    0.00007980    0.00006800    0.00006800    0.00010800    0.00008000    0.00007500
5886.25724218    0.00006820    0.00004500    0.00006300    0.00005800    0.00010500    0.00007000
5886.38277327    0.00007080    0.00007500    0.00005800    0.00005500    0.00010300    0.00006300
5886.50830436    0.00009320    0.00008800    0.00012000    0.00009500    0.00010000    0.00006300
5886.63383546    0.00008620    0.00006300    0.00008800    0.00010000    0.00007500    0.00010500
5886.75936655    0.00008780    0.00009500    0.00006800    0.00007500    0.00010800    0.00009300
5886.88489764    0.00010280    0.00007500    0.00010300    0.00011300    0.00010300    0.00012000
5887.01042874    0.00009420    0.00008000    0.00009000    0.00009300    0.00011300    0.00009500
5887.13595983    0.00010600    0.00012800    0.00012800    0.00007800    0.00010300    0.00009300
5887.26149092    0.00011720    0.00010800    0.00010500    0.00014000    0.00011500    0.00011800
5887.38702202    0.00010680    0.00009300    0.00013000    0.00010500    0.00010300    0.00010300
5887.51255311    0.00012640    0.00012500    0.00015300    0.00013800    0.00012800    0.00008800
5887.63808420    0.00012920    0.00011300    0.00012000    0.00017500    0.00013300    0.00010500
5887.76361530    0.00013320    0.00013300    0.00014000    0.00017500    0.00010500    0.00011300
5887.88914639    0.00015160    0.00012800    0.00017500    0.00015500    0.00015500    0.00014500
5888.01467748    0.00016040    0.00013300    0.00018300    0.00013000    0.00016800    0.00018800
5888.14020857    0.00017080    0.00018800    0.00015800    0.00019500    0.00013800    0.00017500
5888.26573967    0.00016980    0.00014500    0.00015300    0.00020000    0.00016800    0.00018300
5888.39127076    0.00018220    0.00023300    0.00015500    0.00017000    0.00015300    0.00020000
5888.51680185    0.00019340    0.00023800    0.00020300    0.00019300    0.00014500    0.00018800
5888.64233295    0.00021840    0.00018800    0.00023300    0.00020300    0.00021300    0.00025500
5888.76979529    0.00026460    0.00028000    0.00024500    0.00028000    0.00026800    0.00025000
5888.89532638    0.00024160    0.00023300    0.00023000    0.00023000    0.00024000    0.00027500
5889.02085747    0.00029320    0.00030500    0.00026500    0.00032500    0.00028300    0.00028800
5889.14638857    0.00033320    0.00032500    0.00035800    0.00030500    0.00035300    0.00032500
5889.27191966    0.00042140    0.00037800    0.00038300    0.00042000    0.00045800    0.00046800
5889.39745075    0.00061120    0.00060300    0.00059000    0.00064500    0.00058800    0.00063000
5889.52298185    0.00067880    0.00070000    0.00068800    0.00066300    0.00066300    0.00068000
5889.64851294    0.00071440    0.00075300    0.00073000    0.00071800    0.00070300    0.00066800
5889.77404403    0.00085820    0.00079000    0.00083800    0.00081000    0.00091500    0.00093800
5889.89957513    0.00115740    0.00112800    0.00112300    0.00119000    0.00114800    0.00119800
5890.02510622    0.00128920    0.00130300    0.00130000    0.00128000    0.00129000    0.00127300
5890.15063731    0.00170480    0.00170300    0.00172800    0.00167000    0.00173300    0.00169000
5890.27616840    0.00201180    0.00198800    0.00203800    0.00199800    0.00201500    0.00202000
5890.40169950    0.00231380    0.00237800    0.00234000    0.00233500    0.00225300    0.00226300
5890.52723059    0.00222520    0.00237500    0.00222300    0.00223300    0.00217500    0.00212000
5890.65276168    0.00236220    0.00243800    0.00234500    0.00237500    0.00235800    0.00229500
5890.77829278    0.00254380    0.00258300    0.00258000    0.00256300    0.00248800    0.00250500
5890.90382387    0.00296680    0.00270500    0.00277300    0.00293800    0.00311000    0.00330800
5891.02935496    0.00329760    0.00350500    0.00337500    0.00334500    0.00320800    0.00305500
5891.15488606    0.00299820    0.00297300    0.00286000    0.00293000    0.00303500    0.00319300
5891.28234840    0.00368880    0.00382300    0.00381000    0.00371300    0.00361000    0.00348800
5891.40787949    0.00353280    0.00366300    0.00364500    0.00353800    0.00347000    0.00334800
5891.53341058    0.00316080    0.00338000    0.00327300    0.00314800    0.00302300    0.00298000
5891.65894168    0.00297820    0.00306000    0.00296000    0.00299300    0.00294800    0.00293000
5891.78447277    0.00326820    0.00315000    0.00318800    0.00328000    0.00337300    0.00335000
5891.91000386    0.00349540    0.00356000    0.00356800    0.00349800    0.00346300    0.00338800
5892.03553496    0.00335780    0.00349300    0.00343800    0.00333500    0.00331000    0.00321300
5892.16106605    0.00327600    0.00332500    0.00328500    0.00327500    0.00324500    0.00325000
5892.28659714    0.00331720    0.00338000    0.00333500    0.00331800    0.00329300    0.00326000
5892.41212823    0.00331120    0.00332300    0.00333000    0.00328500    0.00335500    0.00326300
5892.53765933    0.00278980    0.00303500    0.00267300    0.00257300    0.00277000    0.00289800
5892.66319042    0.00295460    0.00303800    0.00310500    0.00311000    0.00296000    0.00256000
5892.78872151    0.00269380    0.00250800    0.00264800    0.00275800    0.00275000    0.00280500
5892.91425261    0.00275340    0.00293800    0.00286300    0.00272300    0.00266800    0.00257500
5893.03978370    0.00255800    0.00259800    0.00253800    0.00253800    0.00254800    0.00256800
5893.16531479    0.00252980    0.00258500    0.00255000    0.00252300    0.00249800    0.00249300
5893.29084589    0.00221780    0.00240800    0.00229500    0.00222800    0.00212500    0.00203300
5893.41637698    0.00187480    0.00186300    0.00180800    0.00183500    0.00189800    0.00197000
5893.54190807    0.00205480    0.00203300    0.00203300    0.00207000    0.00210000    0.00203800
5893.66743917    0.00177320    0.00162500    0.00169000    0.00179000    0.00185300    0.00190800
5893.79490151    0.00161740    0.00182000    0.00159300    0.00147300    0.00157300    0.00162800
5893.92043260    0.00156840    0.00169000    0.00172800    0.00157300    0.00137800    0.00147300
5894.04596369    0.00146060    0.00156000    0.00162000    0.00146800    0.00127500    0.00138000
5894.17149479    0.00135980    0.00143800    0.00151500    0.00139800    0.00118800    0.00126000
5894.29702588    0.00133780    0.00132300    0.00138500    0.00139800    0.00135500    0.00122800
5894.42255697    0.00117740    0.00105300    0.00116000    0.00119800    0.00121300    0.00126300
5894.54808806    0.00103040    0.00109800    0.00093800    0.00097800    0.00102800    0.00111000
5894.67361916    0.00100980    0.00109300    0.00114800    0.00103500    0.00088500    0.00088800
5894.79915025    0.00097120    0.00090300    0.00096500    0.00096800    0.00098500    0.00103500
5894.92468134    0.00078480    0.00086800    0.00077500    0.00074300    0.00071500    0.00082300
5895.05021244    0.00082580    0.00080300    0.00082300    0.00085500    0.00087300    0.00077500
5895.17574353    0.00071540    0.00062000    0.00068300    0.00071800    0.00076300    0.00079300
5895.30127462    0.00062200    0.00068800    0.00059300    0.00055300    0.00063300    0.00064300
5895.42680572    0.00060260    0.00062500    0.00069500    0.00063000    0.00054500    0.00051800
5895.55233681    0.00056740    0.00055500    0.00059300    0.00065300    0.00056800    0.00046800
5895.67786790    0.00051620    0.00051300    0.00051800    0.00058000    0.00051500    0.00045500
5895.80339900    0.00050120    0.00045800    0.00048800    0.00050500    0.00053000    0.00052500
5895.92893009    0.00042180    0.00040500    0.00038300    0.00044000    0.00043800    0.00044300
5896.05446118    0.00043980    0.00045300    0.00049300    0.00046500    0.00042000    0.00036800
5896.17999228    0.00043380    0.00040300    0.00046300    0.00045000    0.00046300    0.00039000
5896.30745462    0.00042520    0.00036300    0.00040000    0.00040500    0.00047800    0.00048000
5896.43298571    0.00040300    0.00033000    0.00040500    0.00040000    0.00044000    0.00044000
5896.55851680    0.00040380    0.00039500    0.00039500    0.00046800    0.00039300    0.00036800
5896.68404789    0.00041780    0.00045800    0.00045300    0.00040500    0.00036500    0.00040800
5896.80957899    0.00043520    0.00050000    0.00041800    0.00039500    0.00041800    0.00044500
5896.93511008    0.00045920    0.00048000    0.00040800    0.00045000    0.00044500    0.00051300
5897.06064117    0.00048120    0.00046500    0.00043000    0.00048800    0.00049300    0.00053000
5897.18617227    0.00049280    0.00046300    0.00044000    0.00051800    0.00049300    0.00055000
5897.31170336    0.00052020    0.00057800    0.00052000    0.00048000    0.00048000    0.00054300
5897.43723445    0.00056260    0.00059000    0.00063000    0.00057000    0.00053000    0.00049300
5897.56276555    0.00060680    0.00059000    0.00056800    0.00062500    0.00061300    0.00063800
5897.68829664    0.00065840    0.00070800    0.00067800    0.00065000    0.00066800    0.00058800
5897.81382773    0.00057880    0.00056500    0.00056300    0.00057500    0.00055800    0.00063300
5897.93935883    0.00068780    0.00070800    0.00073800    0.00074300    0.00065000    0.00060000
5898.06488992    0.00071280    0.00070000    0.00072800    0.00075300    0.00072500    0.00065800
5898.19042101    0.00071320    0.00061800    0.00071800    0.00071500    0.00072500    0.00079000
5898.31595211    0.00070920    0.00079800    0.00072500    0.00064500    0.00066500    0.00071300
5898.44148320    0.00073720    0.00074300    0.00079500    0.00080000    0.00070800    0.00064000
5898.56701429    0.00077220    0.00076300    0.00078000    0.00079300    0.00082500    0.00070000
5898.69254538    0.00072800    0.00065500    0.00072500    0.00073000    0.00077500    0.00075500
5898.82000772    0.00074220    0.00084000    0.00080500    0.00077800    0.00065800    0.00063000
5898.94553882    0.00076620    0.00076300    0.00079500    0.00081800    0.00078000    0.00067500
5899.07106991    0.00075280    0.00074000    0.00079500    0.00084800    0.00068800    0.00069300
5899.19660100    0.00072440    0.00074300    0.00079300    0.00068800    0.00064300    0.00075500
5899.32213210    0.00070180    0.00077800    0.00074500    0.00067800    0.00063000    0.00067800
5899.44766319    0.00070080    0.00074500    0.00076300    0.00073800    0.00061300    0.00064500
5899.57319428    0.00070380    0.00071800    0.00074000    0.00076800    0.00066300    0.00063000
5899.69872538    0.00067480    0.00071300    0.00071300    0.00065500    0.00061800    0.00067500
5899.82425647    0.00065920    0.00071800    0.00067500    0.00057000    0.00062500    0.00070800
5899.94978756    0.00062580    0.00062500    0.00058800    0.00062800    0.00064300    0.00064500
5900.07531866    0.00060420    0.00059300    0.00063300    0.00067500    0.00055000    0.00057000
5900.20084975    0.00059980    0.00063300    0.00061500    0.00051500    0.00060300    0.00063300
5900.32638084    0.00056940    0.00055800    0.00049300    0.00058800    0.00060300    0.00060500
5900.45191194    0.00053880    0.00050800    0.00051800    0.00055800    0.00061500    0.00049500
5900.57744303    0.00054680    0.00053800    0.00056300    0.00059300    0.00056500    0.00047500
5900.70297412    0.00047380    0.00045800    0.00044500    0.00045800    0.00051300    0.00049500
5900.82850521    0.00040400    0.00040300    0.00039300    0.00039300    0.00039300    0.00043800
5900.95403631    0.00039940    0.00041800    0.00044300    0.00040000    0.00038300    0.00035300
5901.07956740    0.00037680    0.00035000    0.00039500    0.00038300    0.00040300    0.00035300
5901.20509849    0.00032920    0.00030500    0.00031800    0.00033000    0.00038800    0.00030500
5901.33256083    0.00030480    0.00028800    0.00033000    0.00033300    0.00030500    0.00026800
5901.45809193    0.00026800    0.00029300    0.00029300    0.00024300    0.00026800    0.00024300
5901.58362302    0.00025580    0.00026500    0.00028800    0.00024300    0.00022500    0.00025800
5901.70915411    0.00023920    0.00024500    0.00024500    0.00025300    0.00022800    0.00022500
5901.83468521    0.00021000    0.00021300    0.00025800    0.00018800    0.00021300    0.00017800
5901.96021630    0.00018380    0.00020000    0.00017500    0.00015300    0.00020300    0.00018800
5902.08574739    0.00017220    0.00014500    0.00015300    0.00015500    0.00019500    0.00021300
5902.21127849    0.00015780    0.00011800    0.00016300    0.00013800    0.00018000    0.00019000
5902.33680958    0.00013340    0.00012500    0.00009300    0.00014300    0.00012800    0.00017800
5902.46234067    0.00012180    0.00011300    0.00008300    0.00012500    0.00012500    0.00016300
5902.58787177    0.00011220    0.00011300    0.00009300    0.00012500    0.00010000    0.00013000
5902.71340286    0.00009020    0.00010000    0.00007500    0.00011800    0.00006300    0.00009500
5902.83893395    0.00009460    0.00009000    0.00011500    0.00008000    0.00006300    0.00012500
5902.96446504    0.00007900    0.00008800    0.00008800    0.00006300    0.00010300    0.00005300
5903.08999614    0.00007060    0.00005500    0.00006800    0.00010000    0.00007500    0.00005500
5903.21552723    0.00006160    0.00005500    0.00006300    0.00009000    0.00005500    0.00004500
5903.34105832    0.00005620    0.00005000    0.00005500    0.00003800    0.00006800    0.00007000
5903.46658942    0.00003580    0.00001800    0.00003000    0.00003300    0.00006800    0.00003000
5903.59212051    0.00003680    0.00001500    0.00005000    0.00002800    0.00005800    0.00003300
5903.71765160    0.00003980    0.00001300    0.00003800    0.00004000    0.00005300    0.00005500
5903.84511394    0.00003440    0.00002800    0.00004300    0.00004300    0.00001800    0.00004000
5903.97064504    0.00003020    0.00004500    0.00002800    0.00004000    0.00000500    0.00003300
5904.09617613    0.00002720    -0.00000500    0.00004300    0.00002800    0.00003000    0.00004000
5904.22170722    0.00001660    0.00000500    0.00000500    0.00000800    0.00004000    0.00002500
5904.34723832    0.00001900    0.00002500    0.00002500    0.00002000    -0.00000300    0.00002800
5904.47276941    0.00002020    0.00002800    0.00003000    -0.00000500    -0.00000500    0.00005300
5904.59830050    0.00001080    0.00000300    0.00000800    0.00000300    0.00001500    0.00002500
5904.72383160    0.00001320    0.00003800    -0.00001500    -0.00000500    0.00004300    0.00000500
5904.84936269    -0.00000060    0.00001500    -0.00000800    -0.00001500    0.00001800    -0.00001300
5904.97489378    0.00001660    0.00000500    0.00001500    0.00003300    -0.00000800    0.00003800
5905.10042487    0.00000860    -0.00001500    0.00002500    -0.00000000    0.00000300    0.00003000
5905.22595597    0.00001720    0.00004500    0.00001300    0.00003300    -0.00001800    0.00001300
5905.35148706    0.00000980    0.00000500    0.00001800    0.00000300    0.00002800    -0.00000500
5905.47701815    0.00001040    -0.00000300    0.00000500    0.00001500    0.00002000    0.00001500
5905.60254925    0.00001160    0.00003800    0.00000500    0.00000800    -0.00000800    0.00001500
5905.72808034    0.00002300    0.00004300    0.00000300    0.00001800    0.00001800    0.00003300
5905.85361143    -0.00000440    0.00000800    -0.00000500    -0.00002000    0.00001500    -0.00002000
5905.97914253    0.00002020    0.00002500    0.00002800    0.00001500    0.00001300    0.00002000
5906.10467362    0.00000800    0.00000500    0.00004500    -0.00000500    -0.00000800    0.00000300
