5885.00000000    0.00014300    0.00014300
5885.12553109    0.00005000    0.00005000
5885.25106219    -0.00006300    -0.00006300
5885.37659328    0.00009700    0.00009700
5885.50212437    0.00004100    0.00004100
5885.62765547    -0.00010300    -0.00010300
5885.75318656    0.00007200    0.00007200
5885.87871765    0.00000600    0.00000600
5886.00424874    -0.00005800    -0.00005800
5886.12977984    0.00008700    0.00008700
5886.25724218    -0.00005600    -0.00005600
5886.38277327    0.00010600    0.00010600
5886.50830436    0.00003700    0.00003700
5886.63383546    -0.00005200    -0.00005200
5886.75936655    0.00012000    0.00012000
5886.88489764    0.00003800    0.00003800
5887.01042874    -0.00005700    -0.00005700
5887.13595983    0.00011000    0.00011000
5887.26149092    0.00002000    0.00002000
5887.38702202    -0.00006800    -0.00006800
5887.51255311    0.00010000    0.00010000
5887.63808420    0.00000600    0.00000600
5887.76361530    -0.00008200    -0.00008200
5887.88914639    0.00008200    0.00008200
5888.01467748    -0.00001300    -0.00001300
5888.14020857    0.00013700    0.00013700
5888.26573967    -0.00003100    -0.00003100
5888.39127076    0.00014600    0.00014600
5888.51680185    0.00005800    0.00005800
5888.64233295    0.00000100    0.00000100
5888.76979529    0.00004500    0.00004500
5888.89532638    0.00016800    0.00016800
5889.02085747    0.00029500    0.00029500
5889.14638857    0.00031200    0.00031200
5889.27191966    0.00028200    0.00028200
5889.39745075    0.00028300    0.00028300
5889.52298185    0.00033100    0.00033100
5889.64851294    0.00047000    0.00047000
5889.77404403    0.00061100    0.00061100
5889.89957513    0.00077600    0.00077600
5890.02510622    0.00099100    0.00099100
5890.15063731    0.00104100    0.00104100
5890.27616840    0.00108100    0.00108100
5890.40169950    0.00117800    0.00117800
5890.52723059    0.00133300    0.00133300
5890.65276168    0.00158600    0.00158600
5890.77829278    0.00181200    0.00181200
5890.90382387    0.00202000    0.00202000
5891.02935496    0.00219100    0.00219100
5891.15488606    0.00230300    0.00230300
5891.28234840    0.00229700    0.00229700
5891.40787949    0.00252500    0.00252500
5891.53341058    0.00281200    0.00281200
5891.65894168    0.00305700    0.00305700
5891.78447277    0.00321100    0.00321100
5891.91000386    0.00336000    0.00336000
5892.03553496    0.00342200    0.00342200
5892.16106605    0.00361700    0.00361700
5892.28659714    0.00359000    0.00359000
5892.41212823    0.00374200    0.00374200
5892.53765933    0.00383700    0.00383700
5892.66319042    0.00400100    0.00400100
5892.78872151    0.00415200    0.00415200
5892.91425261    0.00415100    0.00415100
5893.03978370    0.00409000    0.00409000
5893.16531479    0.00397300    0.00397300
5893.29084589    0.00398100    0.00398100
5893.41637698    0.00414200    0.00414200
5893.54190807    0.00410800    0.00410800
5893.66743917    0.00409500    0.00409500
5893.79490151    0.00389600    0.00389600
5893.92043260    0.00369100    0.00369100
5894.04596369    0.00365000    0.00365000
5894.17149479    0.00349700    0.00349700
5894.29702588    0.00344100    0.00344100
5894.42255697    0.00344800    0.00344800
5894.54808806    0.00328100    0.00328100
5894.67361916    0.00306300    0.00306300
5894.79915025    0.00290500    0.00290500
5894.92468134    0.00280600    0.00280600
5895.05021244    0.00279800    0.00279800
5895.17574353    0.00266200    0.00266200
5895.30127462    0.00237600    0.00237600
5895.42680572    0.00222200    0.00222200
5895.55233681    0.00223000    0.00223000
5895.67786790    0.00226300    0.00226300
5895.80339900    0.00210100    0.00210100
5895.92893009    0.00189800    0.00189800
5896.05446118    0.00191700    0.00191700
5896.17999228    0.00197100    0.00197100
5896.30745462    0.00194800    0.00194800
5896.43298571    0.00182200    0.00182200
5896.55851680    0.00177500    0.00177500
5896.68404789    0.00176800    0.00176800
5896.80957899    0.00179100    0.00179100
5896.93511008    0.00197200    0.00197200
5897.06064117    0.00198300    0.00198300
5897.18617227    0.00193100    0.00193100
5897.31170336    0.00192500    0.00192500
5897.43723445    0.00194700    0.00194700
5897.56276555    0.00206500    0.00206500
5897.68829664    0.00226100    0.00226100
5897.81382773    0.00216500    0.00216500
5897.93935883    0.00211100    0.00211100
5898.06488992    0.00215300    0.00215300
5898.19042101    0.00226500    0.00226500
5898.31595211    0.00240800    0.00240800
5898.44148320    0.00248800    0.00248800
5898.56701429    0.00240300    0.00240300
5898.69254538    0.00232000    0.00232000
5898.82000772    0.00227300    0.00227300
5898.94553882    0.00231300    0.00231300
5899.07106991    0.00236300    0.00236300
5899.19660100    0.00245700    0.00245700
5899.32213210    0.00241000    0.00241000
5899.44766319    0.00237700    0.00237700
5899.57319428    0.00221700    0.00221700
5899.69872538    0.00207200    0.00207200
5899.82425647    0.00205100    0.00205100
5899.94978756    0.00216300    0.00216300
5900.07531866    0.00217000    0.00217000
5900.20084975    0.00212700    0.00212700
5900.32638084    0.00197300    0.00197300
5900.45191194    0.00180500    0.00180500
5900.57744303    0.00171100    0.00171100
5900.70297412    0.00177200    0.00177200
5900.82850521    0.00164200    0.00164200
5900.95403631    0.00158300    0.00158300
5901.07956740    0.00146700    0.00146700
5901.20509849    0.00127700    0.00127700
5901.33256083    0.00110500    0.00110500
5901.45809193    0.00092500    0.00092500
5901.58362302    0.00095300    0.00095300
5901.70915411    0.00092500    0.00092500
5901.83468521    0.00092300    0.00092300
5901.96021630    0.00085300    0.00085300
5902.08574739    0.00062600    0.00062600
5902.21127849    0.00049000    0.00049000
5902.33680958    0.00045100    0.00045100
5902.46234067    0.00047500    0.00047500
5902.58787177    0.00050600    0.00050600
5902.71340286    0.00046100    0.00046100
5902.83893395    0.00036600    0.00036600
5902.96446504    0.00030000    0.00030000
5903.08999614    0.00013100    0.00013100
5903.21552723    0.00017600    0.00017600
5903.34105832    0.00022700    0.00022700
5903.46658942    0.00025600    0.00025600
5903.59212051    0.00024600    0.00024600
5903.71765160    0.00017000    0.00017000
5903.84511394    0.00000200    0.00000200
5903.97064504    -0.00003100    -0.00003100
5904.09617613    0.00006300    0.00006300
5904.22170722    -0.00002200    -0.00002200
5904.34723832    0.00015600    0.00015600
5904.47276941    0.00005200    0.00005200
5904.59830050    -0.00003500    -0.00003500
5904.72383160    0.00011200    0.00011200
5904.84936269    -0.00006500    -0.00006500
5904.97489378    0.00007700    0.00007700
5905.10042487    -0.00001300    -0.00001300
5905.22595597    0.00013700    0.00013700
5905.35148706    0.00010000    0.00010000
5905.47701815    -0.00006000    -0.00006000
5905.60254925    0.00009300    0.00009300
5905.72808034    -0.00005600    -0.00005600
5905.85361143    0.00015800    0.00015800
5905.97914253    0.00013700    0.00013700
5906.10467362    0.00000600    0.00000600
5906.23020471    -0.00003500    -0.00003500
5906.35766705    0.00011800    0.00011800
5906.48319815    0.00009300    0.00009300
5906.60872924    0.00002500    0.00002500
5906.73426033    -0.00004100    -0.00004100
5906.85979143    0.00013200    0.00013200
5906.98532252    0.00010700    0.00010700
5907.11085361    0.00006500    0.00006500
5907.23638470    -0.00010100    -0.00010100
5907.36191580    0.00007700    0.00007700
5907.48744689    0.00000800    0.00000800
5907.61297798    -0.00003800    -0.00003800
5907.73850908    0.00015600    0.00015600
5907.86404017    0.00002800    0.00002800
5907.98957126    -0.00005700    -0.00005700
5908.11510236    0.00014300    0.00014300
5908.24063345    0.00010300    0.00010300
5908.36616454    0.00005100    0.00005100
5908.49169564    -0.00001300    -0.00001300
5908.61722673    0.00015800    0.00015800
5908.74275782    0.00006000    0.00006000
5908.87022016    -0.00004100    -0.00004100
5908.99575126    0.00012000    0.00012000
5909.12128235    0.00011500    0.00011500
5909.24681344    -0.00000800    -0.00000800
5909.37234453    0.00011200    0.00011200
5909.49787563    0.00010200    0.00010200
5909.62340672    0.00006500    0.00006500
5909.74893781    0.00002000    0.00002000
5909.87446891    -0.00005100    -0.00005100
5910.00000000    0.00014700    0.00014700
