5880.39976825    -0.00000217    -0.00000150    -0.00000250    -0.00000250
5880.52723059    -0.00000183    -0.00000250    -0.00000300    0.00000000
5880.65469293    -0.00000200    -0.00000300    -0.00000250    -0.00000050
5880.78022402    -0.00000200    -0.00000300    -0.00000150    -0.00000150
5880.90768637    -0.00000167    -0.00000300    -0.00000250    0.00000050
5881.03514871    -0.00000183    -0.00000250    -0.00000250    -0.00000050
5881.16067980    -0.00000233    -0.00000250    -0.00000150    -0.00000300
5881.28814214    -0.00000167    -0.00000250    -0.00000250    0.00000000
5881.41560448    -0.00000133    -0.00000150    -0.00000150    -0.00000100
5881.54306682    -0.00000117    -0.00000300    -0.00000050    0.00000000
5881.66859791    -0.00000183    -0.00000250    -0.00000300    0.00000000
5881.79606025    -0.00000167    -0.00000150    -0.00000250    -0.00000100
5881.92352260    -0.00000167    -0.00000150    -0.00000300    -0.00000050
5882.04905369    -0.00000217    -0.00000250    -0.00000250    -0.00000150
5882.17651603    -0.00000233    -0.00000300    -0.00000250    -0.00000150
5882.30397837    -0.00000233    -0.00000250    -0.00000350    -0.00000100
5882.43144071    -0.00000183    -0.00000150    -0.00000300    -0.00000100
5882.55697180    -0.00000200    -0.00000250    -0.00000350    0.00000000
5882.68443414    -0.00000200    -0.00000300    -0.00000250    -0.00000050
5882.81189649    -0.00000167    -0.00000250    -0.00000100    -0.00000150
5882.93742758    -0.00000183    -0.00000350    -0.00000100    -0.00000100
5883.06488992    -0.00000150    -0.00000150    -0.00000300    -0.00000000
5883.19235226    -0.00000217    -0.00000350    -0.00000150    -0.00000150
5883.31981460    -0.00000267    -0.00000300    -0.00000350    -0.00000150
5883.44534569    -0.00000167    -0.00000250    -0.00000100    -0.00000150
5883.57280803    -0.00000217    -0.00000300    -0.00000300    -0.00000050
5883.70027037    -0.00000183    -0.00000250    -0.00000250    -0.00000050
5883.82580147    -0.00000167    -0.00000150    -0.00000300    -0.00000050
5883.95326381    -0.00000183    -0.00000250    -0.00000250    -0.00000050
5884.08072615    -0.00000117    -0.00000250    -0.00000050    -0.00000050
5884.20818849    -0.00000150    -0.00000300    -0.00000250    0.00000100
5884.33371958    -0.00000133    -0.00000150    -0.00000250    0.00000000
5884.46118192    -0.00000133    -0.00000250    -0.00000150    -0.00000000
5884.58864426    -0.00000250    -0.00000250    -0.00000400    -0.00000100
5884.71417536    -0.00000083    -0.00000150    -0.00000150    0.00000050
5884.84163770    -0.00000200    -0.00000300    -0.00000150    -0.00000150
5884.96910004    -0.00000100    -0.00000150    -0.00000100    -0.00000050
5885.09463113    -0.00000183    -0.00000300    -0.00000250    0.00000000
5885.22209347    -0.00000150    -0.00000300    -0.00000150    0.00000000
5885.34955581    -0.00000050    -0.00000100    -0.00000050    0.00000000
5885.47701815    -0.00000133    -0.00000300    -0.00000050    -0.00000050
5885.60254925    -0.00000217    -0.00000350    -0.00000350    0.00000050
5885.73001159    -0.00000150    -0.00000150    -0.00000250    -0.00000050
5885.85747393    -0.00000100    -0.00000100    -0.00000150    -0.00000050
5885.98300502    -0.00000100    0.00000000    -0.00000250    -0.00000050
5886.11046736    -0.00000183    -0.00000250    -0.00000300    0.00000000
5886.23792970    -0.00000183    -0.00000300    -0.00000150    -0.00000100
5886.36539204    -0.00000067    -0.00000150    -0.00000150    0.00000100
5886.49092314    -0.00000117    -0.00000150    -0.00000150    -0.00000050
5886.61838548    -0.00000050    -0.00000150    -0.00000100    0.00000100
5886.74584782    -0.00000017    -0.00000100    0.00000000    0.00000050
5886.87137891    -0.00000100    -0.00000100    -0.00000100    -0.00000100
5886.99884125    -0.00000133    0.00000000    -0.00000300    -0.00000100
5887.12630359    -0.00000200    -0.00000300    -0.00000250    -0.00000050
5887.25376593    -0.00000217    -0.00000300    -0.00000350    0.00000000
5887.37929703    -0.00000117    -0.00000300    -0.00000100    0.00000050
5887.50675937    -0.00000100    -0.00000150    -0.00000150    0.00000000
5887.63422171    -0.00000050    -0.00000150    -0.00000100    0.00000100
5887.75975280    -0.00000083    -0.00000000    -0.00000250    0.00000000
5887.88721514    -0.00000067    -0.00000050    -0.00000150    0.00000000
5888.01467748    -0.00000033    -0.00000100    -0.00000100    0.00000100
5888.14213982    -0.00000100    -0.00000150    -0.00000250    0.00000100
5888.26767092    -0.00000067    -0.00000150    -0.00000100    0.00000050
5888.39513326    -0.00000017    -0.00000050    -0.00000100    0.00000100
5888.52259560    -0.00000017    -0.00000050    -0.00000050    0.00000050
5888.64812669    -0.00000017    -0.00000100    -0.00000100    0.00000150
5888.77558903    0.00000017    -0.00000050    0.00000000    0.00000100
5888.90305137    0.00000000    -0.00000050    -0.00000050    0.00000100
5889.03051371    -0.00000050    -0.00000100    -0.00000100    0.00000050
5889.15604480    -0.00000050    0.00000000    -0.00000250    0.00000100
5889.28350715    0.00000000    -0.00000050    -0.00000100    0.00000150
5889.41096949    0.00000067    0.00000050    0.00000000    0.00000150
5889.53650058    0.00000083    0.00000050    -0.00000050    0.00000250
5889.66396292    0.00000217    0.00000250    0.00000150    0.00000250
5889.79142526    0.00000183    0.00000150    0.00000100    0.00000300
5889.91888760    0.00000383    0.00000250    0.00000350    0.00000550
5890.04441869    0.00000433    0.00000400    0.00000300    0.00000600
5890.17188104    0.00000650    0.00000500    0.00000650    0.00000800
5890.29934338    0.00001067    0.00001050    0.00001000    0.00001150
5890.42487447    0.00001300    0.00001250    0.00001250    0.00001400
5890.55233681    0.00001800    0.00001650    0.00001750    0.00002000
5890.67979915    0.00002350    0.00002300    0.00002350    0.00002400
5890.80726149    0.00002933    0.00002900    0.00002900    0.00003000
5890.93279258    0.00003717    0.00003650    0.00003750    0.00003750
5891.06025492    0.00004617    0.00004550    0.00004550    0.00004750
5891.18771727    0.00005633    0.00005500    0.00005600    0.00005800
5891.31324836    0.00006900    0.00006750    0.00006900    0.00007050
5891.44071070    0.00008067    0.00008050    0.00008000    0.00008150
5891.56817304    0.00009500    0.00009300    0.00009550    0.00009650
5891.69563538    0.00011150    0.00011050    0.00011000    0.00011400
5891.82116647    0.00012667    0.00012500    0.00012750    0.00012750
5891.94862881    0.00014267    0.00014050    0.00014250    0.00014500
5892.07609115    0.00016383    0.00016000    0.00016450    0.00016700
5892.20162225    0.00018333    0.00017950    0.00018450    0.00018600
5892.32908459    0.00020283    0.00020050    0.00020200    0.00020600
5892.45654693    0.00022650    0.00022550    0.00022600    0.00022800
5892.58400927    0.00024717    0.00024700    0.00024500    0.00024950
5892.70954036    0.00026600    0.00026250    0.00026800    0.00026750
5892.83700270    0.00028933    0.00028600    0.00029000    0.00029200
5892.96446504    0.00031183    0.00030750    0.00031200    0.00031600
5893.08999614    0.00033000    0.00033050    0.00032650    0.00033300
5893.21745848    0.00034783    0.00034650    0.00034700    0.00035000
5893.34492082    0.00036050    0.00035750    0.00035950    0.00036450
5893.47238316    0.00037417    0.00037050    0.00037550    0.00037650
5893.59791425    0.00038900    0.00039000    0.00038750    0.00038950
5893.72537659    0.00039467    0.00039900    0.00039550    0.00038950
5893.85283893    0.00040317    0.00040250    0.00040250    0.00040450
5893.97837003    0.00041183    0.00041400    0.00041150    0.00041000
5894.10583237    0.00041800    0.00041950    0.00041550    0.00041900
5894.23329471    0.00042017    0.00041700    0.00042400    0.00041950
5894.36075705    0.00042150    0.00042300    0.00042000    0.00042150
5894.48628814    0.00041850    0.00041650    0.00041750    0.00042150
5894.61375048    0.00041100    0.00041200    0.00041200    0.00040900
5894.74121282    0.00039867    0.00040000    0.00039700    0.00039900
5894.86674392    0.00038000    0.00037950    0.00038000    0.00038050
5894.99420626    0.00035467    0.00036250    0.00034950    0.00035200
5895.12166860    0.00032633    0.00032500    0.00032700    0.00032700
5895.24913094    0.00030000    0.00029600    0.00030050    0.00030350
5895.37466203    0.00027100    0.00027200    0.00026800    0.00027300
5895.50212437    0.00023800    0.00024250    0.00023450    0.00023700
5895.62958671    0.00020467    0.00020350    0.00020250    0.00020800
5895.75511781    0.00017333    0.00017500    0.00017200    0.00017300
5895.88258015    0.00014533    0.00014850    0.00014250    0.00014500
5896.01004249    0.00011850    0.00012100    0.00011650    0.00011800
5896.13750483    0.00009883    0.00010000    0.00009800    0.00009850
5896.26303592    0.00008467    0.00008500    0.00008350    0.00008550
5896.39049826    0.00007650    0.00007750    0.00007600    0.00007600
5896.51796060    0.00006900    0.00006900    0.00006750    0.00007050
5896.64349170    0.00006767    0.00006750    0.00006750    0.00006800
5896.77095404    0.00006933    0.00006750    0.00007000    0.00007050
5896.89841638    0.00007133    0.00007050    0.00007100    0.00007250
5897.02394747    0.00007267    0.00007100    0.00007300    0.00007400
5897.15140981    0.00008300    0.00008250    0.00008250    0.00008400
5897.27887215    0.00009017    0.00008800    0.00009150    0.00009100
5897.40633449    0.00009867    0.00009650    0.00009900    0.00010050
5897.53186559    0.00010800    0.00010600    0.00010800    0.00011000
5897.65932793    0.00011983    0.00011850    0.00012000    0.00012100
5897.78679027    0.00013200    0.00012900    0.00013350    0.00013350
5897.91232136    0.00014650    0.00014550    0.00014400    0.00015000
5898.03978370    0.00016250    0.00016200    0.00016100    0.00016450
5898.16724604    0.00017600    0.00017500    0.00017750    0.00017550
5898.29470838    0.00018950    0.00018700    0.00018850    0.00019300
5898.42023947    0.00020383    0.00020100    0.00020350    0.00020700
5898.54770182    0.00021383    0.00021600    0.00021050    0.00021500
5898.67516416    0.00022767    0.00022550    0.00022700    0.00023050
5898.80069525    0.00023783    0.00023800    0.00024000    0.00023550
5898.92815759    0.00024517    0.00024000    0.00024500    0.00025050
5899.05561993    0.00025683    0.00025550    0.00025700    0.00025800
5899.18308227    0.00026483    0.00026300    0.00026700    0.00026450
5899.30861336    0.00027100    0.00027200    0.00027050    0.00027050
5899.43607570    0.00027533    0.00026850    0.00027450    0.00028300
5899.56353805    0.00027967    0.00027800    0.00028050    0.00028050
5899.68906914    0.00028117    0.00027950    0.00028100    0.00028300
5899.81653148    0.00028450    0.00028850    0.00028200    0.00028300
5899.94399382    0.00028517    0.00028550    0.00028450    0.00028550
5900.07145616    0.00028467    0.00028700    0.00028450    0.00028250
5900.19698725    0.00028500    0.00028750    0.00028300    0.00028450
5900.32444959    0.00028567    0.00028450    0.00028550    0.00028700
5900.45191194    0.00028867    0.00028950    0.00028600    0.00029050
5900.57744303    0.00028717    0.00028100    0.00028850    0.00029200
5900.70490537    0.00028217    0.00028000    0.00028450    0.00028200
5900.83236771    0.00027483    0.00027250    0.00027950    0.00027250
5900.95983005    0.00026233    0.00026500    0.00025750    0.00026450
5901.08536114    0.00024767    0.00025050    0.00024550    0.00024700
5901.21282348    0.00022833    0.00023000    0.00022800    0.00022700
5901.34028582    0.00020483    0.00020850    0.00020250    0.00020350
5901.46581692    0.00018200    0.00018100    0.00018300    0.00018200
5901.59327926    0.00016083    0.00016000    0.00015950    0.00016300
5901.72074160    0.00014067    0.00014300    0.00014100    0.00013800
5901.84820394    0.00011433    0.00011600    0.00011350    0.00011350
5901.97373503    0.00009300    0.00009300    0.00009100    0.00009500
5902.10119737    0.00007300    0.00007550    0.00007250    0.00007100
5902.22865971    0.00005650    0.00005750    0.00005600    0.00005600
5902.35419081    0.00004317    0.00004300    0.00004300    0.00004350
5902.48165315    0.00003133    0.00003250    0.00003000    0.00003150
5902.60911549    0.00002350    0.00002350    0.00002300    0.00002400
5902.73657783    0.00001850    0.00001850    0.00001800    0.00001900
5902.86210892    0.00001233    0.00001300    0.00001100    0.00001300
5902.98957126    0.00000933    0.00000800    0.00000900    0.00001100
5903.11703360    0.00000733    0.00000650    0.00000750    0.00000800
5903.24256470    0.00000433    0.00000400    0.00000400    0.00000500
5903.37002704    0.00000317    0.00000350    0.00000250    0.00000350
5903.49748938    0.00000283    0.00000250    0.00000300    0.00000300
5903.62495172    0.00000150    0.00000100    0.00000100    0.00000250
5903.75048281    0.00000100    0.00000050    0.00000100    0.00000150
5903.87794515    0.00000050    0.00000050    -0.00000050    0.00000150
5904.00540749    -0.00000050    -0.00000150    -0.00000100    0.00000100
5904.13093859    0.00000017    0.00000050    0.00000000    0.00000000
5904.25840093    0.00000000    -0.00000100    -0.00000050    0.00000150
5904.38586327    -0.00000083    -0.00000100    -0.00000150    -0.00000000
5904.51332561    0.00000017    0.00000050    -0.00000100    0.00000100
5904.63885670    -0.00000017    -0.00000050    0.00000000    0.00000000
5904.76631904    0.00000000    -0.00000100    0.00000000    0.00000100
5904.89378138    -0.00000067    -0.00000150    -0.00000100    0.00000050
5905.01931248    -0.00000117    0.00000000    -0.00000250    -0.00000100
5905.14677482    -0.00000067    -0.00000150    -0.00000100    0.00000050
5905.27423716    -0.00000100    -0.00000050    -0.00000350    0.00000100
5905.40169950    -0.00000050    -0.00000100    -0.00000100    0.00000050
5905.52723059    -0.00000117    -0.00000150    -0.00000150    -0.00000050
5905.65469293    -0.00000083    -0.00000250    -0.00000100    0.00000100
5905.78215527    -0.00000083    -0.00000150    -0.00000150    0.00000050
5905.90768637    -0.00000083    -0.00000150    -0.00000150    0.00000050
5906.03514871    -0.00000100    -0.00000150    -0.00000100    -0.00000050
5906.16261105    -0.00000117    -0.00000100    -0.00000150    -0.00000100
5906.29007339    -0.00000067    0.00000000    -0.00000150    -0.00000050
5906.41560448    -0.00000117    -0.00000150    -0.00000250    0.00000050
5906.54306682    -0.00000017    -0.00000050    -0.00000100    0.00000100
5906.67052916    -0.00000017    0.00000050    -0.00000100    0.00000000
5906.79606025    -0.00000067    -0.00000150    -0.00000150    0.00000100
5906.92352260    -0.00000167    -0.00000250    -0.00000150    -0.00000100
5907.05098494    -0.00000117    -0.00000250    -0.00000100    0.00000000
5907.17844728    -0.00000067    -0.00000100    -0.00000050    -0.00000050
5907.30397837    -0.00000150    -0.00000250    -0.00000250    0.00000050
5907.43144071    -0.00000183    -0.00000150    -0.00000300    -0.00000100
5907.55890305    -0.00000183    -0.00000300    -0.00000150    -0.00000100
5907.68443414    -0.00000067    -0.00000050    -0.00000100    -0.00000050
5907.81189649    -0.00000183    -0.00000300    -0.00000250    0.00000000
5907.93935883    -0.00000150    -0.00000100    -0.00000250    -0.00000100
5908.06682117    -0.00000117    -0.00000100    -0.00000250    0.00000000
5908.19235226    -0.00000050    -0.00000150    -0.00000050    0.00000050
5908.31981460    -0.00000183    -0.00000150    -0.00000300    -0.00000100
5908.44727694    -0.00000133    -0.00000150    -0.00000150    -0.00000100
5908.57280803    -0.00000150    -0.00000250    -0.00000250    0.00000050
5908.70027037    -0.00000067    -0.00000050    -0.00000150    0.00000000
5908.82773272    -0.00000200    -0.00000300    -0.00000250    -0.00000050
5908.95326381    -0.00000167    -0.00000250    -0.00000300    0.00000050
5909.08072615    -0.00000067    -0.00000100    -0.00000100    0.00000000
5909.20818849    -0.00000117    -0.00000150    -0.00000250    0.00000050
5909.33565083    -0.00000217    -0.00000150    -0.00000400    -0.00000100
5909.46118192    -0.00000100    -0.00000100    -0.00000250    0.00000050
5909.58864426    -0.00000100    -0.00000100    -0.00000250    0.00000050
5909.71610660    -0.00000167    -0.00000300    -0.00000050    -0.00000150
5909.84163770    -0.00000183    -0.00000150    -0.00000250    -0.00000150
5909.96910004    -0.00000183    -0.00000050    -0.00000350    -0.00000150
5910.09656238    -0.00000183    -0.00000300    -0.00000150    -0.00000100
5910.22402472    -0.00000200    -0.00000250    -0.00000250    -0.00000100
5910.34955581    -0.00000217    -0.00000250    -0.00000300    -0.00000100
5910.47701815    -0.00000183    -0.00000300    -0.00000100    -0.00000150
5910.60448049    -0.00000183    -0.00000250    -0.00000250    -0.00000050
5910.73001159    -0.00000100    -0.00000100    -0.00000150    -0.00000050
5910.85747393    -0.00000283    -0.00000500    -0.00000250    -0.00000100
5910.98493627    -0.00000267    -0.00000350    -0.00000350    -0.00000100
5911.11239861    -0.00000167    -0.00000100    -0.00000300    -0.00000100
5911.23792970    -0.00000217    -0.00000300    -0.00000250    -0.00000100
5911.36539204    -0.00000200    -0.00000350    -0.00000150    -0.00000100
5911.49285438    -0.00000167    -0.00000150    -0.00000300    -0.00000050
5911.61838548    -0.00000117    -0.00000150    -0.00000100    -0.00000100
5911.74584782    -0.00000250    -0.00000400    -0.00000300    -0.00000050
5911.87331016    -0.00000150    -0.00000300    -0.00000150    0.00000000
5912.00077250    -0.00000233    -0.00000350    -0.00000300    -0.00000050
